111,12885
12290,11018
12290,11028
12290,11038
12290,1140746
12290,1140766
12290,1174538
12290,1174548
12290,1174558
12290,11786
12290,11796
12290,11800
12290,11806
12290,11810
12290,122122
12290,122132
12290,122142
12290,128454410
12290,128454420
12290,128454430
12290,1289482
12290,1289492
12290,1289502
12290,129518346
12290,131278346
12290,131278356
12290,131278366
12290,1373450
12290,1373460
12290,1373470
12290,1419018
12290,1419028
12290,1419038
12290,147722
12290,147732
12290,147742
12290,150282
12290,150292
12290,150302
12290,1534986
12290,1534996
12290,155402
12290,155412
12290,155422
12290,1557522
12290,1605642
12290,1605652
12290,1605662
12290,165902
12290,165912
12290,165922
12290,167690
12290,167700
12290,167710
12290,1717002
12290,1717012
12290,1717022
12290,181002
12290,181012
12290,181022
12290,18698
12290,18708
12290,18718
12290,1897482
12290,1897492
12290,1897502
12290,1913354
12290,1913364
12290,1913374
12290,1922314
12290,1922324
12290,1922334
12290,192522
12290,192540
12290,192550
12290,1935370
12290,1935380
12290,1935390
12290,1976586
12290,1976596
12290,1985034
12290,1985044
12290,1985054
12290,1998346
12290,1998356
12290,1998366
12290,1998376
12290,2021642
12290,2021652
12290,2021662
12290,2027018
12290,2027028
12290,2027038
12290,2051338
12290,2051348
12290,2051358
12290,2142474
12290,2142484
12290,2142494
12290,217610
12290,217620
12290,217630
12290,220938
12290,220948
12290,220958
12290,2222858
12290,2222868
12290,2222878
12290,224522
12290,224532
12290,224542
12290,224788
12290,224798
12290,225802
12290,225812
12290,225822
12290,228106
12290,228116
12290,228126
12290,2298890
12290,2298900
12290,2298910
12290,231434
12290,231438
12290,231444
12290,240650
12290,240660
12290,240670
12290,2526218
12290,2526228
12290,2526238
12290,2535434
12290,2535444
12290,2535454
12290,255498
12290,255508
12290,255518
12290,257546
12290,257556
12290,257566
12290,2588938
12290,2588948
12290,2588958
12290,2615050
12290,2615060
12290,2615070
12290,269578
12290,269598
12290,272906
12290,272916
12290,272926
12290,277778
12290,277788
12290,277790
12290,2883850
12290,2883860
12290,2883870
12290,2983178
12290,2983188
12290,2983198
12290,3002890
12290,3002900
12290,304906
12290,304916
12290,304926
12290,3107594
12290,3107604
12290,3107614
12290,3144458
12290,3144468
12290,3144478
12290,317962
12290,317972
12290,317982
12290,323082
12290,323092
12290,323102
12290,323594
12290,323604
12290,323614
12290,324362
12290,324372
12290,324382
12290,324628
12290,324638
12290,324874
12290,324884
12290,324894
12290,328970
12290,328980
12290,328990
12290,344586
12290,344596
12290,344606
12290,352010
12290,352020
12290,352030
12290,352034
12290,353546
12290,353556
12290,353566
12290,380690
12290,380702
12290,387594
12290,387604
12290,387614
12290,398602
12290,398612
12290,398622
12290,408586
12290,408596
12290,408606
12290,44298
12290,44308
12290,44318
12290,490770
12290,490772
12290,96522
12290,96532
12290,96542
12290,98570
12290,98580
12290,98590
12292,102666
12292,102670
12292,102680
12292,102686
12292,11274
12292,11294
12292,1181706
12292,1181716
12292,1181726
12292,150538
12292,150548
12292,151316
12292,151326
12292,1557012
12292,1557022
12292,160778
12292,160788
12292,160798
12292,1674250
12292,180490
12292,180500
12292,180510
12292,1866772
12292,1866782
12292,1899786
12292,1899796
12292,1958154
12292,1958164
12292,1958174
12292,241162
12292,241182
12292,257812
12292,257822
12292,264458
12292,264468
12292,265738
12292,265758
12292,2808330
12292,2808340
12292,2808350
12292,2994698
12292,348938
12292,348948
12292,348958
12292,355352
12292,355358
12292,359444
12292,359454
12292,656660
12292,656670
12292,78346
12292,78356
12292,936458
12292,936468
12295,1140234
12295,1140244
12295,1140254
12295,1151498
12295,1151508
12295,1151518
12295,1171210
12295,1171220
12295,1205002
12295,1205012
12295,1205022
12295,1399818
12295,1399828
12295,1399838
12295,158218
12295,158228
12295,158238
12295,1865994
12295,1866004
12295,1866014
12295,1886730
12295,1886740
12295,1886750
12295,194314
12295,194324
12295,194334
12295,2023186
12295,2023196
12295,2023206
12295,21002
12295,21012
12295,21022
12295,232970
12295,232980
12295,232990
12295,247562
12295,247572
12295,247582
12295,248586
12295,248596
12295,248606
12295,256778
12295,256788
12295,256798
12295,257290
12295,257300
12295,257310
12295,267274
12295,267284
12295,267294
12295,282890
12295,282900
12295,282910
12295,2957322
12295,2957332
12295,2957342
12295,3014154
12295,3014164
12295,3014174
12295,310538
12295,310548
12295,310558
12295,311572
12295,311582
12295,344074
12295,344084
12295,344094
12295,409354
12295,409364
12295,409374
12295,43530
12295,43540
12295,43550
12296,102676
12296,11284
12296,1155594
12296,1155604
12296,1155614
12296,117790
12296,1213962
12296,1213972
12296,1213982
12296,122634
12296,122644
12296,122654
12296,124938
12296,124948
12296,124966
12296,125962
12296,125972
12296,125982
12296,126218
12296,126222
12296,126228
12296,126238
12296,132618
12296,132628
12296,132638
12296,13578
12296,13588
12296,13598
12296,150558
12296,150794
12296,150804
12296,150814
12296,15122
12296,15128
12296,15132
12296,15134
12296,154890
12296,154900
12296,154904
12296,154914
12296,154918
12296,155658
12296,155668
12296,155678
12296,1557002
12296,15626
12296,15636
12296,15646
12296,160798
12296,1620746
12296,1620756
12296,1620766
12296,1674260
12296,1674270
12296,1676554
12296,1676564
12296,1676574
12296,1720330
12296,1720340
12296,1720350
12296,1748490
12296,1748500
12296,1748510
12296,18186
12296,18196
12296,18206
12296,18462
12296,1866772
12296,1892618
12296,1892628
12296,1892638
12296,1899806
12296,1960978
12296,1960988
12296,1960998
12296,19722
12296,19740
12296,19742
12296,1976330
12296,1976340
12296,1976350
12296,1976360
12296,198666
12296,198676
12296,198686
12296,1996810
12296,1996820
12296,1996830
12296,1996840
12296,2025738
12296,2025748
12296,2025758
12296,2039050
12296,2039060
12296,2039070
12296,2171146
12296,2171156
12296,2171166
12296,22036
12296,22046
12296,22050
12296,232714
12296,232724
12296,2363402
12296,2363412
12296,2363422
12296,238602
12296,238612
12296,238622
12296,2409738
12296,2409748
12296,2409758
12296,241176
12296,242954
12296,242964
12296,242974
12296,252682
12296,252692
12296,252702
12296,256530
12296,256532
12296,256540
12296,256542
12296,256550
12296,257802
12296,258826
12296,258836
12296,258846
12296,264478
12296,265748
12296,2774026
12296,2774036
12296,2774046
12296,283402
12296,283420
12296,283422
12296,289034
12296,289042
12296,289044
12296,289052
12296,289054
12296,289062
12296,2926090
12296,2926100
12296,2926110
12296,2950174
12296,2967828
12296,2988298
12296,2988308
12296,2988318
12296,323338
12296,323348
12296,323358
12296,3255562
12296,3255572
12296,3255582
12296,339474
12296,339476
12296,339494
12296,341514
12296,341524
12296,341534
12296,347146
12296,347156
12296,347166
12296,355338
12296,355348
12296,357386
12296,357404
12296,357414
12296,359434
12296,366858
12296,366868
12296,366878
12296,368650
12296,368660
12296,368670
12296,394258
12296,394260
12296,394270
12296,395018
12296,395028
12296,400394
12296,400402
12296,400404
12296,400414
12296,408330
12296,408340
12296,408350
12296,408358
12296,474900
12296,474904
12296,500498
12296,500508
12296,500510
12296,53002
12296,53012
12296,53022
12296,641290
12296,641294
12296,641300
12296,641310
12296,641314
12296,645130
12296,645140
12296,645150
12296,675858
12296,675860
12296,675870
12296,734474
12296,734484
12296,734494
12296,754442
12296,754452
12296,754462
12296,78366
12296,936478
12297,101130
12297,101140
12297,101150
12297,1036554
12297,1036568
12297,1036574
12297,103946
12297,103956
12297,103966
12297,1054482
12297,105492
12297,1085212
12297,1157642
12297,1157646
12297,1157652
12297,1157656
12297,1157662
12297,1157666
12297,1161742
12297,1161748
12297,1161758
12297,1240842
12297,1240856
12297,1240862
12297,1289758
12297,1366026
12297,1375242
12297,1375252
12297,1375270
12297,1398538
12297,1398548
12297,1398558
12297,1444370
12297,1466890
12297,1466900
12297,1466910
12297,1469962
12297,1469972
12297,1469982
12297,148746
12297,148760
12297,148770
12297,151562
12297,151572
12297,151582
12297,1531914
12297,1531928
12297,1531934
12297,1532682
12297,1532686
12297,1532692
12297,1532696
12297,1532702
12297,1532706
12297,1532942
12297,1532952
12297,1532962
12297,1556012
12297,1585682
12297,1628682
12297,1628692
12297,1628702
12297,1684494
12297,1684500
12297,1684518
12297,171018
12297,171032
12297,171042
12297,1723662
12297,1723672
12297,1723682
12297,1725450
12297,1725460
12297,1725470
12297,1753106
12297,1753112
12297,1753126
12297,17930
12297,17944
12297,17950
12297,1817354
12297,1817358
12297,1817364
12297,1817368
12297,1827858
12297,1832970
12297,1832988
12297,1832994
12297,1901074
12297,1952014
12297,1952020
12297,1952030
12297,197650
12297,197652
12297,197662
12297,1980426
12297,1980430
12297,1980436
12297,1980440
12297,1980446
12297,1980450
12297,2016270
12297,2016280
12297,2016286
12297,2022674
12297,2022680
12297,2022694
12297,2022704
12297,2040074
12297,2040088
12297,2040102
12297,2040108
12297,2043146
12297,2043164
12297,2043174
12297,204554
12297,204564
12297,204582
12297,2058254
12297,2058268
12297,2058274
12297,2161674
12297,2161684
12297,2161694
12297,2245642
12297,2245652
12297,2245662
12297,229130
12297,229140
12297,229150
12297,244234
12297,2528266
12297,2528270
12297,2528276
12297,2528280
12297,2528286
12297,2528290
12297,254228
12297,258314
12297,258332
12297,258334
12297,2616074
12297,2616084
12297,2616094
12297,2678538
12297,2678548
12297,2678558
12297,268070
12297,2682890
12297,2682900
12297,2682910
12297,268298
12297,268308
12297,268318
12297,2693642
12297,2693652
12297,2693662
12297,2693672
12297,2694154
12297,2718222
12297,2740490
12297,2740500
12297,2740510
12297,283662
12297,283668
12297,283682
12297,2854922
12297,2854932
12297,2854942
12297,2882844
12297,2956810
12297,2956820
12297,2956830
12297,2988554
12297,2988564
12297,2988574
12297,2997258
12297,2997268
12297,2997278
12297,3003402
12297,3003410
12297,3003412
12297,3003420
12297,302858
12297,302872
12297,302878
12297,3044362
12297,3044372
12297,3044382
12297,308258
12297,3087636
12297,3087646
12297,320266
12297,320280
12297,320286
12297,342034
12297,342036
12297,342046
12297,360482
12297,388882
12297,388892
12297,388902
12297,396298
12297,396312
12297,396326
12297,413962
12297,413970
12297,413972
12297,413986
12297,50186
12297,50210
12297,50214
12297,56078
12297,56084
12297,589838
12297,589844
12297,589854
12297,79380
12297,866092
12297,883466
12297,883476
12297,883486
12297,920338
12297,996362
12297,996372
12297,996382
12299,1048078
12299,1048084
12299,1048098
12299,106766
12299,1108234
12299,1108244
12299,1108254
12299,1135370
12299,1135380
12299,1135390
12299,1149198
12299,1149204
12299,1149218
12299,1222154
12299,1222164
12299,1222174
12299,1225994
12299,1226004
12299,1226014
12299,128245002
12299,128245012
12299,128245022
12299,128247050
12299,128247060
12299,128247070
12299,128247562
12299,128247572
12299,128247582
12299,1535502
12299,1535512
12299,1535522
12299,1541390
12299,1541396
12299,1541400
12299,1541406
12299,1554462
12299,1568778
12299,1568788
12299,1568802
12299,1569034
12299,1641738
12299,1641748
12299,1641758
12299,167454
12299,1675530
12299,1675544
12299,1675550
12299,1815054
12299,1934610
12299,1934620
12299,1934622
12299,1987338
12299,1987356
12299,1987358
12299,1988626
12299,1988632
12299,1988646
12299,1991178
12299,1991188
12299,1991198
12299,1996306
12299,1996308
12299,1996318
12299,1996328
12299,2002962
12299,2002964
12299,2002974
12299,2012938
12299,2012948
12299,2012958
12299,2045450
12299,205330
12299,205332
12299,205342
12299,2122002
12299,2122012
12299,2122022
12299,23826
12299,23828
12299,23846
12299,2444298
12299,2444308
12299,2444318
12299,246812
12299,2503444
12299,2503454
12299,2509578
12299,2509588
12299,2509606
12299,25362
12299,25364
12299,257034
12299,257052
12299,257062
12299,259338
12299,259348
12299,259358
12299,2675466
12299,2675486
12299,2797838
12299,2797848
12299,2797858
12299,2807562
12299,2807572
12299,2807582
12299,2811658
12299,2811668
12299,2811678
12299,2979598
12299,2979608
12299,2979618
12299,315146
12299,315156
12299,315174
12299,328458
12299,328468
12299,328478
12299,353300
12299,354058
12299,354076
12299,354078
12299,361482
12299,361490
12299,361492
12299,361500
12299,361502
12299,361506
12299,362762
12299,362772
12299,362782
12299,368404
12299,368414
12299,397322
12299,397332
12299,397342
12299,397350
12299,399394
12299,403986
12299,403996
12299,404006
12299,412170
12299,412184
12299,412190
12299,518932
12299,55074
12299,595730
12299,595732
12299,595742
12299,645386
12299,645396
12299,645406
12299,99338
12299,99348
12299,99362
12300,101898
12300,101908
12300,101918
12300,1040906
12300,1040916
12300,1040926
12300,105482
12300,105502
12300,105738
12300,105748
12300,105756
12300,105758
12300,105766
12300,1085194
12300,1085214
12300,1268490
12300,1268500
12300,1268510
12300,1289738
12300,1289748
12300,1375498
12300,1375508
12300,1375518
12300,1375528
12300,1474318
12300,1474328
12300,1539594
12300,1539604
12300,1539614
12300,1546
12300,1555978
12300,1555988
12300,1555998
12300,1556
12300,1556490
12300,1556500
12300,1556510
12300,1566
12300,156682
12300,156692
12300,156702
12300,1814794
12300,1814804
12300,1814814
12300,1827860
12300,1827870
12300,1842186
12300,1842206
12300,1860362
12300,1860372
12300,1860382
12300,1897738
12300,1897748
12300,1897758
12300,1928202
12300,1928212
12300,1928222
12300,1996554
12300,1996564
12300,1996574
12300,2001674
12300,2001684
12300,2001694
12300,2011914
12300,2011924
12300,2011934
12300,2011938
12300,2045194
12300,2045204
12300,2045214
12300,205834
12300,205844
12300,205854
12300,217354
12300,217364
12300,217374
12300,223498
12300,223508
12300,223518
12300,244244
12300,244254
12300,254238
12300,2618122
12300,2618132
12300,2618142
12300,267530
12300,267534
12300,267540
12300,267550
12300,2677002
12300,2677012
12300,2677022
12300,268042
12300,268052
12300,268810
12300,268818
12300,268820
12300,268828
12300,268830
12300,2694410
12300,2694420
12300,2694430
12300,269834
12300,269844
12300,2718228
12300,2718238
12300,2842890
12300,2842900
12300,2842910
12300,2882314
12300,2882334
12300,2882826
12300,2882846
12300,2959124
12300,2959134
12300,308234
12300,308238
12300,308244
12300,308248
12300,308254
12300,309514
12300,309524
12300,309534
12300,327946
12300,327956
12300,327966
12300,337418
12300,337428
12300,337438
12300,349962
12300,349972
12300,349982
12300,349990
12300,360458
12300,360468
12300,3850
12300,3860
12300,3870
12300,389898
12300,389908
12300,389918
12300,396554
12300,396564
12300,396574
12300,399882
12300,399890
12300,399892
12300,399900
12300,399902
12300,399910
12300,413706
12300,413716
12300,413726
12300,611338
12300,611348
12300,611358
12300,77578
12300,77588
12300,77598
12300,79370
12300,79390
12300,864266
12300,864276
12300,864286
12300,879626
12300,879636
12300,879646
12300,918026
12300,918036
12300,918046
12300,96010
12300,96020
12300,96028
12300,96030
12300,97802
12300,97812
12300,97822
12300,99594
12300,99604
12300,99614
12300,99850
12302,106772
12302,106782
12302,106786
12302,1554442
12302,1554452
12302,1569044
12302,1569054
12302,1576974
12302,1576984
12302,1576994
12302,1638154
12302,1638164
12302,1638174
12302,2045460
12302,2045470
12302,2137354
12302,2137364
12302,2137374
12302,2137384
12302,231690
12302,231700
12302,231710
12302,2503434
12302,2503464
12302,25374
12302,353290
12302,353310
12302,357898
12302,357908
12302,357918
12302,368394
12302,518922
12302,518942
12302,838930
12306,1074954
12306,1074962
12306,1074968
12306,1074972
12306,1074978
12306,1074982
12306,1367050
12306,1367064
12306,1367070
12306,1520914
12306,1520916
12306,1520930
12306,1833226
12306,1833236
12306,1833246
12306,2051598
12306,2172170
12306,2172180
12306,2172190
12306,2227466
12306,2227476
12306,2227486
12306,243466
12306,243484
12306,243494
12306,244490
12306,244500
12306,244514
12306,2458378
12306,2458388
12306,2458398
12306,2546964
12306,2546974
12306,283146
12306,283156
12306,283170
12306,2850826
12306,2850836
12306,2850846
12306,290058
12306,290076
12306,290086
12306,2948878
12306,3252746
12306,3252756
12306,3252766
12306,391954
12306,391956
12306,391974
12306,410634
12306,410644
12306,410654
12306,76302
12306,76306
12306,76308
12306,76316
12306,76322
12306,76326
12306,78858
12306,78868
12306,78878
12319,10
12319,101386
12319,101396
12319,101406
12319,101410
12319,1100302
12319,1100308
12319,1100318
12319,1390090
12319,1390100
12319,1390110
12319,1401610
12319,1401620
12319,1401634
12319,1405982
12319,1441294
12319,1441304
12319,1441314
12319,1469720
12319,1487118
12319,1487132
12319,1487142
12319,1487144
12319,1515796
12319,1517586
12319,1517596
12319,1517606
12319,1527064
12319,1528590
12319,1528596
12319,1528606
12319,1556238
12319,1556248
12319,1556258
12319,1560334
12319,1560344
12319,163358
12319,1637138
12319,1637144
12319,1637150
12319,1676042
12319,1676052
12319,1676070
12319,1682954
12319,1682964
12319,1682974
12319,1683214
12319,1683228
12319,1683238
12319,1715978
12319,1715996
12319,1716006
12319,1716016
12319,172042
12319,172052
12319,172062
12319,172066
12319,1781774
12319,1781784
12319,1781794
12319,1828362
12319,1828372
12319,1828382
12319,1864458
12319,1864472
12319,1864486
12319,1923086
12319,1923092
12319,1923106
12319,1932042
12319,1932052
12319,1932062
12319,1954322
12319,1954324
12319,1954342
12319,1954352
12319,1995018
12319,1995028
12319,1995038
12319,20
12319,2013470
12319,2017802
12319,2017812
12319,2017822
12319,2027538
12319,2027548
12319,2027550
12319,2029834
12319,2029844
12319,2029858
12319,2029872
12319,2044170
12319,2044180
12319,2044190
12319,2049802
12319,2049812
12319,2049822
12319,2056714
12319,2056724
12319,209422
12319,209436
12319,209442
12319,2123274
12319,2123284
12319,2123294
12319,2155022
12319,229642
12319,229650
12319,229652
12319,229660
12319,229662
12319,229670
12319,23306
12319,23324
12319,23334
12319,2359826
12319,242698
12319,242702
12319,242708
12319,242712
12319,242718
12319,242722
12319,242728
12319,2434058
12319,2434068
12319,2434078
12319,245258
12319,245268
12319,245278
12319,2469394
12319,2469404
12319,247306
12319,247314
12319,247316
12319,247326
12319,247340
12319,247354
12319,248334
12319,248340
12319,248354
12319,2558238
12319,2568202
12319,2568212
12319,2568222
12319,2617354
12319,2617364
12319,2617374
12319,2617384
12319,2630670
12319,2641166
12319,267018
12319,267026
12319,267032
12319,267036
12319,267038
12319,267794
12319,267804
12319,267806
12319,2690058
12319,2690068
12319,2690078
12319,2690086
12319,2724632
12319,2724646
12319,2778898
12319,2778908
12319,2778918
12319,2778928
12319,278030
12319,278044
12319,278794
12319,278812
12319,278814
12319,279306
12319,279316
12319,279334
12319,2811914
12319,2811924
12319,2811934
12319,2903050
12319,2903060
12319,2903070
12319,2926602
12319,2926612
12319,2926622
12319,2982154
12319,2982164
12319,2982174
12319,2982410
12319,2982420
12319,2982430
12319,30
12319,3016202
12319,3016212
12319,3016222
12319,3016232
12319,304138
12319,304148
12319,304158
12319,304650
12319,304668
12319,304670
12319,304674
12319,307466
12319,307480
12319,307484
12319,307486
12319,3088650
12319,3088660
12319,3088670
12319,3096074
12319,3096084
12319,3118858
12319,3118868
12319,3118878
12319,3118888
12319,315918
12319,315928
12319,315934
12319,318474
12319,318484
12319,318494
12319,3190546
12319,3193874
12319,320522
12319,320540
12319,320550
12319,3215122
12319,3226898
12319,3239694
12319,327690
12319,327700
12319,327710
12319,327714
12319,354834
12319,354844
12319,354846
12319,371722
12319,371740
12319,371750
12319,403466
12319,403480
12319,403486
12319,405002
12319,405012
12319,405026
12319,414986
12319,414996
12319,440590
12319,440596
12319,440606
12319,50698
12319,50708
12319,55562
12319,55572
12319,55582
12319,725258
12319,725276
12319,725278
12319,77326
12319,77330
12319,77332
12319,77342
12319,77346
12319,82954
12319,82972
12319,82974
12319,938506
12319,938516
12319,938534
12319,94474
12319,94484
12319,94494
12319,94504
12330,1469710
12330,1515786
12330,1515806
12330,1527060
12330,2013450
12330,2013460
12330,2056734
12330,2137098
12330,2137108
12330,2137118
12330,2370314
12330,2469406
12330,247306
12330,247316
12330,247326
12330,2558218
12330,2558228
12330,2724618
12330,3256340
12330,3256350
139,10961
139,13102
139,13103
139,13777
139,13778
139,15401
139,15836
139,15838
139,15842
139,15930
139,17575
139,17605
139,17753
139,17913
139,18003
139,18443
139,18771
139,18795
139,18892
139,18931
139,19364
139,19365
139,19662
139,20621
139,20698
139,20808
139,21024
139,21025
139,22961
139,23708
139,24121
139,24136
139,26006
139,26028
139,26031
139,30222
139,32334
139,3957
139,4001
139,4053
139,5167
139,5726
139,6233
139,6241
139,7461
139,7943
139,9114
139,9331
139,9601
165,2804
170,11569
170,11680
170,17843
170,20
170,28841
170,29142
170,30188
170,44860
170,7413
175,29956
175,31723
175,33774
175,34013
175,34024
175,34030
175,34642
175,34644
175,34645
175,35625
175,35626
175,35685
175,35687
175,36358
175,37905
175,40770
175,40924
175,43586
175,44120
175,44122
175,44147
175,45308
175,45309
175,45455
175,45767
175,48194
175,48195
175,48315
175,48316
175,48327
175,51117
175,51119
175,52183
175,52554
175,52796
175,52797
175,53874
175,53876
175,53879
175,54173
175,55200
175,55425
175,55426
175,55429
175,55431
175,55433
175,55489
175,55498
175,55616
175,55618
175,55796
175,55803
175,55826
175,55827
175,55936
175,55938
175,55954
175,55955
175,55957
175,55958
175,56002
175,56006
175,56037
175,56039
175,56056
175,56058
175,56060
175,56076
175,56113
175,56154
175,56261
175,56357
175,56358
175,56366
175,56367
175,56469
175,56491
175,56510
175,56607
175,56797
175,56804
175,56824
175,56836
175,58017
175,58021
175,58386
175,58477
175,58625
175,58684
175,58688
175,58705
175,58757
175,58760
175,58766
175,59238
175,59239
175,59242
175,59425
175,59426
175,59469
175,59508
175,59511
175,59512
175,59513
175,59515
175,59641
175,59642
175,59643
175,59644
175,59645
175,59646
175,59647
175,59648
175,59653
175,59659
175,59660
175,59661
175,59667
175,59677
175,59679
175,59684
175,59685
175,59714
175,59715
175,59716
175,59717
175,59718
175,59748
175,59749
175,59750
175,59755
175,59756
175,59757
175,59758
175,59759
175,59760
175,59765
175,59767
175,59768
175,59769
175,59770
175,59771
175,59774
175,59775
175,59776
175,59786
175,59787
175,59788
175,60578
175,60585
175,60927
175,60931
175,60939
175,61240
175,61335
175,61399
175,61403
175,61528
175,61529
175,61532
175,61565
175,61589
175,61596
175,61598
175,61645
175,61646
175,61664
175,61678
175,61685
175,61705
175,61706
175,61757
175,61758
175,61784
175,61785
175,61842
175,61885
175,61899
175,61906
175,61913
175,62014
175,62016
175,62017
175,62020
175,62021
175,62029
175,62030
175,62031
175,62074
175,62075
175,62402
175,62614
175,62635
175,62651
175,62652
175,62653
175,62705
175,62706
175,62777
175,62941
175,62943
175,62949
175,62962
175,63030
175,63141
175,63153
175,63157
175,63158
175,63159
175,63172
175,63296
175,63310
175,63317
175,63320
175,63322
175,63323
175,63338
175,63345
175,63347
175,63352
175,63353
175,63360
175,63361
175,63371
175,63372
175,63373
175,63423
175,63424
175,63426
175,63436
175,63437
175,63438
175,63439
175,63451
175,63462
175,63463
175,63570
175,63751
175,63752
175,63753
175,63754
175,63761
175,63764
175,63782
175,63934
175,63973
175,63991
175,63992
175,64033
175,64041
175,64045
175,64046
175,64047
175,64158
175,64159
175,64165
175,64166
175,64171
175,64172
175,64211
175,64284
175,64286
175,64307
175,64308
175,64311
175,64367
175,64494
175,64505
175,64568
175,64576
175,64586
175,64587
175,64629
175,64630
175,64633
175,64635
175,64645
175,64654
175,64854
175,64856
175,64989
175,64990
175,65022
175,65026
175,65214
175,65216
175,65234
175,65235
175,65238
175,65251
175,65300
175,65307
175,65376
175,65433
175,65437
175,65460
175,65462
175,65466
175,65468
175,65472
175,65522
175,65523
175,65526
183,29969
183,32804
183,33153
183,33160
183,33161
183,33275
183,33276
183,33763
183,34076
183,34779
183,34781
183,35007
183,35008
183,35101
183,35103
183,35224
183,35228
183,36040
183,36044
183,36169
183,36709
183,37621
183,38627
183,39480
183,39863
183,40946
183,42861
183,42959
183,44028
183,44029
183,45354
183,45434
183,45435
183,45436
183,46184
183,46185
183,46661
183,46662
183,47344
183,47390
183,47404
183,48127
183,48128
183,48129
183,48605
183,49387
183,49388
183,49389
183,50213
183,50434
183,50435
183,50436
183,50478
183,51742
183,51743
183,52900
183,54970
183,55196
183,55334
183,55363
183,55365
183,55477
183,55479
183,55500
183,55592
183,55849
183,55854
183,55912
183,55913
183,55914
183,55929
183,55930
183,55937
183,55946
183,55948
183,55951
183,56064
183,56067
183,56069
183,56122
183,56124
183,56193
183,56195
183,56212
183,56213
183,56218
183,56220
183,56221
183,56222
183,56224
183,56234
183,56236
183,56237
183,56243
183,56247
183,56248
183,56250
183,56263
183,56264
183,56266
183,56267
183,56268
183,56270
183,56271
183,56273
183,56275
183,56366
183,56368
183,56377
183,56408
183,56422
183,56437
183,56495
183,56525
183,56569
183,56574
183,56576
183,56611
183,56618
183,56622
183,56624
183,56721
183,56722
183,56731
183,56733
183,56738
183,56780
183,56808
183,56814
183,56831
183,56835
183,56934
183,56938
183,56965
183,56977
183,56979
183,56981
183,56989
183,56991
183,56993
183,56999
183,57008
183,57009
183,57020
183,57033
183,57035
183,57037
183,57060
183,57064
183,57065
183,57067
183,57131
183,57132
183,57133
183,57136
183,57137
183,57138
183,57168
183,57182
183,57256
183,57273
183,57325
183,57326
183,57327
183,57434
183,57442
183,57563
183,57564
183,57654
183,57661
183,57669
183,57674
183,57729
183,57741
183,57745
183,57773
183,57803
183,57804
183,57959
183,57960
183,57993
183,57999
183,58004
183,58029
183,58217
183,58224
183,58228
183,58315
183,58324
183,58347
183,58354
183,58724
183,58728
183,58737
183,58747
183,59183
183,59186
183,59192
183,59458
183,59459
183,59460
183,59464
183,59466
183,59476
183,59477
183,59478
183,59482
183,59485
183,59501
183,59502
183,59503
183,59504
183,59505
183,59528
183,59529
183,59530
183,59543
183,59545
183,59552
183,59584
183,59585
183,59586
183,59587
183,59588
183,59617
183,59618
183,59620
183,59621
183,59622
183,59681
183,59683
183,59685
183,59740
183,59759
183,59760
183,59764
183,59765
183,59778
183,59779
183,59787
183,59789
183,59791
183,59795
183,59796
183,59797
183,59799
183,59807
183,59808
183,59809
183,59810
183,59814
183,59835
183,59836
183,59837
183,59848
183,59849
183,59850
183,59853
183,59860
183,59861
183,59862
183,59874
183,59875
183,59876
183,60331
183,60332
183,60359
183,60391
183,60740
183,60747
183,60770
183,60775
183,60955
183,60960
183,60962
183,60980
183,60985
183,60987
183,61010
183,61014
183,61023
183,61070
183,61072
183,61081
183,61083
183,61130
183,61156
183,61158
183,61182
183,61186
183,61189
183,61198
183,61235
183,61238
183,61268
183,61270
183,61275
183,61277
183,61324
183,61368
183,61369
183,61435
183,61476
183,61478
183,61487
183,61489
183,61490
183,61667
183,61674
183,61696
183,62012
183,62015
183,62018
183,62034
183,62037
183,62042
183,62062
183,62065
183,62092
183,62111
183,62113
183,62115
183,62313
183,62317
183,62319
183,62342
183,62364
183,62440
183,62473
183,62478
183,62497
183,62498
183,62534
183,62538
183,62558
183,62566
183,62588
183,62589
183,62593
183,62595
183,62605
183,62606
183,62611
183,62615
183,62617
183,62641
183,62644
183,62664
183,62665
183,62667
183,62668
183,62674
183,62675
183,62684
183,62685
183,62686
183,62687
183,62689
183,62754
183,62756
183,62769
183,62773
183,62785
183,62800
183,62804
183,62810
183,62813
183,62839
183,62840
183,62841
183,62842
183,62843
183,62864
183,62865
183,62866
183,62873
183,62874
183,62875
183,62876
183,62878
183,62881
183,62889
183,62899
183,62937
183,62938
183,62939
183,62946
183,62950
183,62951
183,62967
183,62970
183,62971
183,62972
183,62976
183,62983
183,63025
183,63031
183,63118
183,63119
183,63129
183,63147
183,63148
183,63149
183,63213
183,63369
183,63371
183,63429
183,63430
183,63482
183,63516
183,63533
183,63564
183,63565
183,63597
183,63602
183,63604
183,63624
183,63697
183,63699
183,63710
183,63766
183,63768
183,63811
183,63821
183,63832
183,63833
183,63924
183,63928
183,63951
183,63965
183,63985
183,63995
183,64040
183,64044
183,64045
183,64075
183,64088
183,64098
183,64104
183,64145
183,64146
183,64156
183,64157
183,64158
183,64178
183,64196
183,64197
183,64201
183,64224
183,64225
183,64236
183,64237
183,64238
183,64308
183,64327
183,64363
183,64465
183,64473
183,64531
183,64658
183,64660
183,64707
183,64800
183,64810
183,64865
183,64899
183,64901
183,64913
183,64953
183,65074
183,65087
183,65088
183,65096
183,65149
183,65208
183,65252
183,65346
183,65358
183,65360
183,65416
183,65418
183,65420
183,65428
183,65431
183,65507
183,65527
183,65529
189,39299
189,51954
189,51955
189,56396
189,56435
189,56438
189,56456
189,56527
189,56537
189,56539
189,56607
189,56628
189,56630
189,56728
189,56746
189,56757
189,56760
189,56764
189,56815
189,56837
189,56842
189,56854
189,56856
189,56867
189,56869
189,56983
189,56985
189,57005
189,57007
189,57014
189,57016
189,57017
189,57018
189,57041
189,57044
189,57045
189,57072
189,57086
189,57092
189,57099
189,57101
189,57117
189,57118
189,57119
189,57129
189,57142
189,57148
189,57149
189,57164
189,57188
189,57189
189,57294
189,57336
189,57832
189,57834
189,57898
189,57902
189,57937
189,57938
189,58028
189,58030
189,58035
189,58053
189,58054
189,58056
189,58058
189,58087
189,58088
189,58126
189,58134
189,58335
189,58336
189,58348
189,58569
189,58573
189,58578
189,58604
189,58636
189,58638
189,58770
189,58775
189,58777
189,58779
189,58883
189,58885
189,58938
189,59020
189,59527
189,59528
189,59529
189,59534
189,59539
189,59544
189,59546
189,59558
189,59559
189,59593
189,59594
189,59595
189,59599
189,59600
189,59602
189,59609
189,59614
189,59623
189,59624
189,59625
189,59627
189,59628
189,59798
189,59799
189,59810
189,59829
189,59830
189,59831
189,59868
189,59877
189,59913
189,59914
189,59916
189,59927
189,59928
189,59932
189,59933
189,59934
189,59942
189,59947
189,59959
189,59960
189,59961
189,59968
189,59974
189,59975
189,59980
189,59984
189,59985
189,59986
189,59988
189,59989
189,60040
189,60044
189,60046
189,60047
189,60048
189,60049
189,60050
189,60054
189,60055
189,60086
189,60087
189,60088
189,60089
189,60090
189,60091
189,60102
189,60103
189,60104
189,60114
189,60115
189,60116
189,60123
189,60124
189,60125
189,60143
189,60144
189,60145
189,60151
189,60155
189,60164
189,60165
189,60167
189,60173
189,60174
189,60178
189,60215
189,60216
189,60217
189,60218
189,60229
189,60231
189,60901
189,60906
189,60907
189,60909
189,60911
189,60912
189,60927
189,60929
189,60931
189,60935
189,60948
189,60956
189,60958
189,60965
189,61006
189,61025
189,61034
189,61038
189,61084
189,61086
189,61087
189,61088
189,61089
189,61090
189,61091
189,61092
189,61105
189,61108
189,61109
189,61116
189,61187
189,61188
189,61195
189,61196
189,61225
189,61227
189,61228
189,61229
189,61257
189,61259
189,61264
189,61266
189,61289
189,61291
189,61292
189,61294
189,61306
189,61309
189,61324
189,61326
189,61328
189,61348
189,61351
189,61353
189,61360
189,61367
189,61371
189,61373
189,61375
189,61379
189,61380
189,61381
189,61382
189,61383
189,61391
189,61393
189,61397
189,61403
189,61405
189,61407
189,61409
189,61412
189,61454
189,61456
189,61466
189,61500
189,61514
189,61516
189,61528
189,61557
189,61564
189,61566
189,61582
189,61585
189,61590
189,61655
189,61657
189,61718
189,61723
189,61727
189,61736
189,61744
189,61746
189,61855
189,61859
189,61861
189,61863
189,61865
189,61866
189,61867
189,61868
189,61873
189,61874
189,61875
189,61893
189,61895
189,61897
189,61928
189,61957
189,61962
189,61966
189,61971
189,61981
189,61987
189,61997
189,61998
189,62003
189,62009
189,62045
189,62046
189,62069
189,62071
189,62084
189,62093
189,62098
189,62099
189,62117
189,62119
189,62128
189,62138
189,62146
189,62148
189,62227
189,62253
189,62257
189,62259
189,62261
189,62263
189,62265
189,62267
189,62295
189,62296
189,62297
189,62400
189,62407
189,62445
189,62446
189,62456
189,62468
189,62490
189,62494
189,62496
189,62501
189,62802
189,62820
189,62845
189,62846
189,62847
189,62849
189,62878
189,62879
189,62880
189,62885
189,62886
189,63035
189,63100
189,63233
189,63234
189,63235
189,63237
189,63242
189,63244
189,63245
189,63247
189,63265
189,63268
189,63270
189,63272
189,63273
189,63274
189,63275
189,63277
189,63278
189,63279
189,63280
189,63282
189,63283
189,63284
189,63285
189,63286
189,63287
189,63288
189,63290
189,63313
189,63342
189,63349
189,63350
189,63365
189,63366
189,63383
189,63390
189,63391
189,63393
189,63401
189,63402
189,63403
189,63588
189,63676
189,63677
189,63678
189,63685
189,63686
189,63688
189,63690
189,63700
189,63701
189,63702
189,63703
189,63704
189,63705
189,63710
189,63714
189,63718
189,63721
189,63729
189,63731
189,63732
189,63818
189,63887
189,64017
189,64018
189,64020
189,64022
189,64024
189,64071
189,64078
189,64080
189,64081
189,64119
189,64123
189,64313
189,64314
189,64356
189,64368
189,64370
189,64387
189,64406
189,64409
189,64475
189,64496
189,64529
189,64536
189,64538
189,64661
189,64730
189,64766
189,64836
189,64971
189,65007
189,65092
189,65194
189,65226
189,65227
189,65228
189,65236
189,65245
189,65257
189,65277
189,65279
189,65283
189,65292
189,65331
189,65336
189,65344
189,65364
189,65377
189,65387
189,65432
189,65433
189,65437
189,65452
189,65508
196,14573
196,14592
196,14593
196,23579
227,63008
230,58969
24615,1174794
24615,1174808
24615,1383690
24615,1383700
24615,1383710
24615,153354
24615,153364
24615,153374
24615,1849098
24615,1849108
24615,1849118
24615,688906
24615,688916
24615,688926
24615,833546
24615,833556
24615,833566
24616,1019914
24616,1019924
24616,1019934
24616,1037322
24616,1037332
24616,1037342
24616,104970
24616,104980
24616,104990
24616,1053450
24616,1053460
24616,1053470
24616,1076234
24616,1076244
24616,1076254
24616,1092362
24616,1092372
24616,1092382
24616,1106698
24616,1106708
24616,1106718
24616,1115658
24616,1115668
24616,1115678
24616,1117450
24616,1117460
24616,1117470
24616,1174818
24616,1188362
24616,1188372
24616,1188382
24616,123914
24616,123924
24616,123934
24616,1317386
24616,1317396
24616,1317406
24616,1347082
24616,1360906
24616,1360916
24616,1360926
24616,1435668
24616,1435678
24616,1495562
24616,1495572
24616,1495582
24616,153098
24616,153108
24616,153118
24616,1531658
24616,1531668
24616,1531678
24616,1536778
24616,1536788
24616,1555466
24616,1555476
24616,1555486
24616,1621002
24616,1716234
24616,1716244
24616,1716254
24616,1717514
24616,1717524
24616,1717534
24616,1719818
24616,1719828
24616,1719838
24616,1784330
24616,1784340
24616,1784350
24616,1789706
24616,1789716
24616,1789726
24616,1974282
24616,1974292
24616,1974302
24616,2056202
24616,2056212
24616,2056222
24616,2067210
24616,2067220
24616,2067230
24616,2069514
24616,2069524
24616,2069534
24616,2082826
24616,2082846
24616,2122506
24616,2122516
24616,2122526
24616,2170890
24616,2170900
24616,2170910
24616,225034
24616,225044
24616,225054
24616,225058
24616,266762
24616,266772
24616,266782
24616,3048724
24616,320778
24616,320788
24616,320798
24616,322314
24616,322324
24616,322334
24616,646154
24616,646164
24616,646174
24616,681226
24616,681236
24616,681246
24616,708874
24616,708884
24616,708894
24616,773130
24616,773150
24616,816906
24616,816916
24616,816926
24616,817162
24616,817172
24616,817182
24616,840970
24616,840980
24616,840990
24616,845586
24616,879882
24616,879892
24616,882186
24616,882196
24616,882206
24616,889866
24616,889876
24616,889886
24616,901898
24616,901908
24616,901918
24616,930314
24616,930324
24616,930334
24616,936202
24616,936212
24616,936222
281,31900
281,35900
281,36500
281,36700
281,37700
281,42300
281,44700
281,47100
281,50100
281,54100
281,54600
281,54900
281,57200
281,57600
281,58200
281,59600
281,60500
281,64900
282,53400
282,61200
282,61300
282,61700
282,62000
282,62100
282,62400
282,64400
282,64500
282,65200
282,65300
283,33100
283,37100
283,37500
283,38700
283,51200
283,55600
283,60400
284,63100
284,63300
284,64000
284,64800
284,64900
301,33669
301,34679
301,35255
301,35256
301,36939
301,38190
301,42496
301,43627
301,43965
301,43970
301,44044
301,44046
301,44094
301,44617
301,44636
301,45509
301,51873
301,53783
301,53831
301,53836
301,53895
301,55320
301,57752
301,60190
301,61923
301,62355
301,62358
301,62360
301,62367
301,62420
301,62481
301,62516
301,62517
301,62518
301,62519
301,62524
301,62526
301,62528
301,62531
301,62532
301,62534
301,62536
301,62538
301,62542
301,62544
301,62558
301,62584
301,62586
301,62588
301,62590
301,62592
301,62641
301,62642
301,62650
301,62673
301,62678
301,62681
301,62684
301,62687
301,62689
301,62691
301,62692
301,62697
301,62699
301,62702
301,62706
301,62711
301,62728
301,62731
301,62733
301,62737
301,62739
301,62743
301,62750
301,62753
301,62843
301,62846
301,62848
301,62859
301,62876
301,62879
301,62883
301,62912
301,62915
301,62967
301,62971
301,63041
301,63044
301,63067
301,63134
301,63137
301,63141
301,63148
301,63151
301,63154
301,63155
301,63156
301,63168
301,63172
301,63182
301,63188
301,63190
301,63192
301,63204
301,63212
301,63221
301,63227
301,63236
301,63237
301,63242
301,63268
301,63281
301,63282
301,63283
301,63285
301,63295
301,63313
301,63330
301,63341
301,63343
301,63349
301,63356
301,63357
301,63360
301,63370
301,63371
301,63372
301,63373
301,63375
301,63388
301,63389
301,63416
301,63418
301,63420
301,63422
301,63429
301,63432
301,63435
301,63449
301,63450
301,63460
301,63467
301,63472
301,63498
301,63519
301,63535
301,63541
301,63547
301,63548
301,63583
301,63646
301,63655
301,63658
301,63659
301,63678
301,63694
301,63696
301,63698
301,63702
301,63721
301,63724
301,63731
301,63766
301,63784
301,63795
301,63799
301,63826
301,63831
301,63841
301,63862
301,63864
301,63874
301,63880
301,63929
301,63934
301,63939
301,63972
301,63977
301,63989
301,64021
301,64087
301,64088
301,64099
301,64143
301,64155
301,64169
301,64180
301,64210
301,64232
301,64233
301,64244
301,64254
301,64256
301,64260
301,64262
301,64265
301,64266
301,64273
301,64276
301,64280
301,64282
301,64286
301,64287
301,64288
301,64293
301,64294
301,64300
301,64308
301,64309
301,64310
301,64311
301,64320
301,64331
301,64334
301,64336
301,64344
301,64345
301,64346
301,64351
301,64356
301,64361
301,64369
301,64374
301,64377
301,64378
301,64386
301,64387
301,64388
301,64392
301,64393
301,64394
301,64400
301,64401
301,64402
301,64409
301,64410
301,64418
301,64419
301,64427
301,64428
301,64429
301,64449
301,64461
301,64462
301,64463
301,64464
301,64466
301,64467
301,64468
301,64469
301,64470
301,64472
301,64476
301,64480
301,64481
301,64482
301,64483
301,64484
301,64487
301,64488
301,64489
301,64490
301,64491
301,64492
301,64493
301,64494
301,64495
301,64496
301,64497
301,64501
301,64502
301,64503
301,64504
301,64511
301,64512
301,64514
301,64515
301,64516
301,64519
301,64520
301,64521
301,64522
301,64523
301,64524
301,64525
301,64526
301,64532
301,64537
301,64538
301,64539
301,64548
301,64553
301,64554
301,64555
301,64556
301,64576
301,64577
301,64585
301,64586
301,64595
301,64597
301,64598
301,64612
301,64613
301,64627
301,64633
301,64634
301,64636
301,64637
301,64638
301,64639
301,64640
301,64641
301,64642
301,64643
301,64644
301,64645
301,64646
301,64647
301,64650
301,64651
301,64652
301,64660
301,64661
301,64668
301,64669
301,64671
301,64672
301,64673
301,64674
301,64677
301,64684
301,64686
301,64695
301,64703
301,64734
301,64735
301,64745
301,64751
301,64761
301,64762
301,64774
301,64775
301,64776
301,64778
301,64791
301,64827
301,64833
301,64834
301,64844
301,64851
301,64855
301,64860
301,64861
301,64865
301,64866
301,64870
301,64872
301,64873
301,64874
301,64876
301,64879
301,64887
301,64910
301,64920
301,64973
301,64982
301,64984
301,64991
301,65010
301,65014
301,65015
301,65016
301,65018
301,65019
301,65036
301,65059
301,65064
301,65068
301,65077
301,65078
301,65089
301,65097
301,65115
301,65129
301,65150
301,65161
301,65179
301,65180
301,65242
301,65244
301,65252
301,65261
301,65262
301,65266
301,65278
301,65281
301,65289
301,65310
301,65323
301,65346
301,65355
301,65357
301,65358
301,65369
301,65374
301,65378
301,65387
301,65388
301,65389
301,65390
301,65391
301,65410
301,65417
301,65438
301,65459
301,65460
301,65486
301,65487
301,65493
301,65507
301,65517
302,32503
302,32511
302,33973
302,33978
302,35461
302,38882
302,40135
302,43480
302,43490
302,43491
302,55329
302,56309
302,56311
302,56313
302,56342
302,56434
302,56436
302,56439
302,56575
302,56594
302,56596
302,56652
302,56689
302,56761
302,56981
302,56983
302,57009
302,57012
302,57042
302,57076
302,57092
302,57119
302,57121
302,57156
302,57158
302,57160
302,57221
302,57228
302,57266
302,57348
302,57350
302,57355
302,57357
302,57360
302,57362
302,57422
302,57426
302,57460
302,57532
302,57535
302,57541
302,57558
302,57561
302,57603
302,57607
302,57614
302,57618
302,57646
302,57649
302,57658
302,57809
302,57811
302,57813
302,57857
302,57861
302,57864
302,57866
302,57869
302,57929
302,58035
302,58039
302,58074
302,58077
302,58173
302,58177
302,58297
302,58365
302,58367
302,58370
302,58395
302,58396
302,58399
302,58408
302,58414
302,58416
302,58503
302,58627
302,58631
302,58632
302,58707
302,58748
302,58749
302,58754
302,58794
302,58805
302,58831
302,58832
302,58833
302,58855
302,58856
302,58857
302,58862
302,58865
302,58868
302,59219
302,59220
302,59224
302,59225
302,59226
302,59252
302,59253
302,59254
302,59255
302,59256
302,59257
302,59258
302,59259
302,59260
302,59264
302,59265
302,59266
302,59400
302,59402
302,59403
302,59407
302,59408
302,59409
302,59417
302,59418
302,59595
302,59596
302,59597
302,59598
302,59599
302,59600
302,59871
302,59872
302,59873
302,59897
302,59898
302,59899
302,59900
302,59901
302,59902
302,59919
302,59921
302,59922
302,59952
302,59953
302,59954
302,59955
302,59957
302,60026
302,60027
302,60028
302,60040
302,60079
302,60080
302,60114
302,60115
302,60116
302,60128
302,60129
302,60134
302,60135
302,60136
302,60137
302,60138
302,60139
302,60140
302,60141
302,60142
302,60143
302,60144
302,60157
302,60158
302,60159
302,60165
302,60166
302,60167
302,60169
302,60170
302,60179
302,60189
302,60190
302,60205
302,60219
302,60220
302,60222
302,60227
302,60228
302,60229
302,60238
302,60240
302,60244
302,60245
302,60248
302,60251
302,60252
302,60253
302,60254
302,60261
302,60262
302,60263
302,60264
302,60265
302,60266
302,60279
302,60436
302,60485
302,60694
302,60737
302,60796
302,60798
302,60804
302,60808
302,60917
302,60918
302,60996
302,61323
302,61351
302,61360
302,61364
302,61454
302,61455
302,61711
302,61712
302,61737
302,61753
302,61755
302,61766
302,61767
302,61768
302,61815
302,61817
302,61858
302,61859
302,61861
302,61862
302,61863
302,61868
302,61944
302,61945
302,61946
302,61956
302,61958
302,61965
302,61967
302,61988
302,61990
302,62000
302,62081
302,62082
302,62084
302,62086
302,62087
302,62088
302,62117
302,62118
302,62119
302,62139
302,62140
302,62141
302,62167
302,62169
302,62174
302,62176
302,62217
302,62218
302,62249
302,62251
302,62285
302,62396
302,62402
302,62408
302,62443
302,62485
302,62621
302,62788
302,63397
302,63398
302,63862
302,63863
302,63867
302,63990
302,63991
302,64070
302,64071
302,64153
302,64154
302,64155
302,64159
302,64160
302,64190
302,64194
302,64206
302,64213
302,64214
302,64215
302,64222
302,64250
302,64269
302,64270
302,64273
302,64371
302,64372
302,64391
302,64392
302,64394
302,64647
302,64684
302,64685
302,64686
302,64956
302,64957
302,65029
302,65056
302,65059
302,65064
302,65065
302,65066
302,65136
302,65219
302,65234
302,65235
302,65250
302,65251
302,65260
302,65262
302,65361
302,65362
302,65363
304,10948
304,10950
304,11063
304,11109
304,12425
304,13155
304,16149
304,16168
304,16330
304,16334
304,16544
304,16853
304,16854
304,16855
304,16882
304,16883
304,18153
304,1969
304,2414
304,2744
304,3387
304,345
304,5048
304,5154
304,5548
304,6011
304,6587
304,6588
304,6882
304,7037
304,7360
304,7371
304,8496
304,94
305,32228
305,59205
305,59206
305,62733
305,62735
305,62831
305,63510
305,63724
305,63729
305,63734
305,63735
305,63897
305,63972
305,63973
305,63974
305,63975
305,64016
305,64027
305,64033
305,64034
305,64036
305,64037
305,64044
305,64049
305,64052
305,64300
305,64301
305,64302
305,64306
305,64307
305,64308
305,64338
305,64355
305,64362
305,64392
305,64405
305,64410
305,64509
305,64683
305,64963
305,65084
305,65088
305,65090
305,65147
305,65159
305,65160
305,65233
305,65279
305,65294
305,65295
305,65328
305,65329
305,65330
305,65355
305,65370
305,65498
305,65503
306,10295
306,10384
306,10983
306,11013
306,12104
306,12105
306,12144
306,12547
306,14861
306,14862
306,15488
306,15855
306,15975
306,1704
306,17714
306,18239
306,18554
306,18613
306,1875
306,18826
306,18998
306,19245
306,19283
306,19325
306,19326
306,19343
306,19492
306,19493
306,19725
306,20491
306,21416
306,21421
306,22043
306,22337
306,22358
306,22412
306,22413
306,22971
306,23598
306,24454
306,24543
306,24580
306,26238
306,3037
306,3651
306,3653
306,4340
306,4525
306,472
306,473
306,4898
306,5009
306,5535
306,7958
306,8259
306,8590
306,9034
306,9115
307,55340
307,56168
307,56170
307,57056
307,57060
307,57065
307,57067
307,57072
307,60214
307,60459
307,60461
307,60468
307,60470
307,60481
307,60485
307,60552
307,61487
307,61488
307,61489
307,61746
307,61747
307,61748
307,61758
307,61771
307,61792
307,61793
307,61794
307,61795
307,61797
307,61798
307,61803
307,61804
307,61805
307,62332
307,62343
307,62418
307,63628
307,63633
307,63634
307,63650
307,63698
307,64173
307,64249
310,32463
310,32469
310,32679
310,32700
310,35199
310,35200
310,35201
310,47160
310,47167
310,47168
310,49349
310,56599
310,56821
310,56823
310,56969
310,57043
310,57050
310,57052
310,57114
310,61137
310,61144
310,61145
310,61146
310,61149
310,61154
310,61155
310,61164
310,61169
310,61177
310,61233
310,61239
310,61244
310,61458
310,61464
310,61474
310,61525
310,61531
310,61533
310,61548
310,61550
310,61554
310,61610
310,61612
310,61614
310,61648
310,61650
310,61653
310,61789
310,61795
310,61919
310,61980
310,61989
310,61993
310,61995
310,61999
310,62021
310,62141
310,62143
310,62150
310,62152
310,62156
310,62164
310,62201
310,62219
310,62221
310,62223
310,62251
310,62368
310,62370
310,62372
310,62374
310,62376
310,62378
310,62380
310,62387
310,62408
310,62426
310,62428
310,62430
310,62434
310,62436
310,62438
310,62540
310,62542
310,62597
310,62600
310,62602
310,62603
310,62609
310,62610
310,62613
310,62657
310,62659
310,62664
310,62668
310,62670
310,62673
310,62675
310,62677
310,62679
310,62681
310,62683
310,62685
310,62687
310,62717
310,62721
310,62723
310,62725
310,62727
310,62730
310,62733
310,62736
310,62743
310,62747
310,62750
310,62752
310,62756
310,62760
310,62763
310,62777
310,62779
310,62786
310,62789
310,62794
310,62807
310,62809
310,62813
310,62825
310,62828
310,62846
310,62848
310,62854
310,62880
310,62885
310,62891
310,62894
310,62906
310,62910
310,62915
310,62920
310,62933
310,62936
310,62938
310,62946
310,62954
310,62974
310,62977
310,62999
310,63019
310,63026
310,63034
310,63046
310,63047
310,63050
310,63052
310,63071
310,63112
310,63113
310,63114
310,63115
310,63117
310,63118
310,63120
310,63121
310,63122
310,63126
310,63127
310,63128
310,63129
310,63130
310,63131
310,63132
310,63133
310,63134
310,63135
310,63136
310,63137
310,63138
310,63139
310,63140
310,63141
310,63142
310,63143
310,63184
310,63185
310,63186
310,63187
310,63190
310,63191
310,63195
310,63196
310,63197
310,63212
310,63213
310,63221
310,63222
310,63227
310,63228
310,63230
310,63231
310,63232
310,63233
310,63236
310,63237
310,63238
310,63239
310,63240
310,63241
310,63248
310,63249
310,63250
310,63251
310,63252
310,63253
310,63254
310,63255
310,63256
310,63260
310,63261
310,63262
310,63263
310,63264
310,63265
310,63273
310,63274
310,63275
310,63277
310,63284
310,63285
310,63286
310,63291
310,63292
310,63293
310,63295
310,63296
310,63298
310,63299
310,63300
310,63301
310,63302
310,63304
310,63308
310,63309
310,63310
310,63311
310,63312
310,63314
310,63319
310,63320
310,63322
310,63323
310,63326
310,63331
310,63332
310,63333
310,63334
310,63335
310,63336
310,63337
310,63338
310,63343
310,63344
310,63345
310,63346
310,63347
310,63351
310,63352
310,63353
310,63354
310,63355
310,63356
310,63357
310,63358
310,63359
310,63360
310,63361
310,63362
310,63363
310,63364
310,63365
310,63366
310,63372
310,63373
310,63374
310,63378
310,63379
310,63380
310,63381
310,63382
310,63387
310,63388
310,63389
310,63390
310,63391
310,63392
310,63399
310,63400
310,63401
310,63404
310,63405
310,63406
310,63408
310,63409
310,63412
310,63413
310,63414
310,63415
310,63416
310,63418
310,63420
310,63427
310,63437
310,63438
310,63439
310,63440
310,63445
310,63446
310,63451
310,63452
310,63453
310,63462
310,63463
310,63465
310,63466
310,63489
310,63496
310,63497
310,63498
310,63499
310,63504
310,63506
310,63507
310,63508
310,63511
310,63514
310,63529
310,63530
310,63531
310,63564
310,63573
310,63584
310,63621
310,63623
310,63625
310,63652
310,63708
310,63709
310,63722
310,63740
310,63753
310,63768
310,63769
310,63770
310,63793
310,63816
310,63836
310,63866
310,63883
310,63884
310,63897
310,63898
310,63899
310,63915
310,63929
310,63933
310,63934
310,63935
310,63948
310,64160
310,64202
310,64235
310,64242
310,64243
310,64244
310,64253
310,64287
310,64298
310,64299
310,64303
310,64319
310,64339
310,64348
310,64349
310,64375
310,64377
310,64380
310,64384
310,64391
310,64417
310,64422
310,64435
310,64436
310,64438
310,64490
310,64504
310,64505
310,64510
310,64511
310,64512
310,64572
310,64576
310,64582
310,64583
310,64584
310,64598
310,64610
310,64611
310,64612
310,64613
310,64614
310,64616
310,64670
310,64671
310,64763
310,64770
310,64795
310,64819
310,64876
310,64907
310,64908
310,64910
310,64916
310,64923
310,64941
310,64956
310,64961
310,64979
310,64982
310,64983
310,64984
310,64985
310,64986
310,64987
310,64988
310,64990
310,64997
310,64998
310,64999
310,65000
310,65015
310,65021
310,65023
310,65024
310,65025
310,65031
310,65032
310,65038
310,65043
310,65064
310,65069
310,65070
310,65071
310,65072
310,65074
310,65075
310,65081
310,65083
310,65107
310,65108
310,65109
310,65115
310,65116
310,65133
310,65140
310,65141
310,65146
310,65147
310,65156
310,65157
310,65158
310,65161
310,65164
310,65177
310,65182
310,65183
310,65195
310,65196
310,65197
310,65199
310,65202
310,65203
310,65216
310,65222
310,65224
310,65246
310,65247
310,65248
310,65267
310,65268
310,65269
310,65288
310,65330
310,65354
310,65361
310,65444
310,65519
311,33041
311,34603
311,34607
311,54138
311,54139
311,54907
311,55376
311,55384
311,55983
311,55987
311,55990
311,56052
311,56054
311,56418
311,56420
311,56439
311,56441
311,56498
311,56500
311,56515
311,56559
311,56565
311,56567
311,56710
311,56714
311,56715
311,56726
311,56729
311,56761
311,56765
311,56909
311,56911
311,56913
311,56936
311,57007
311,57009
311,57012
311,57029
311,57052
311,57056
311,57086
311,57094
311,57096
311,57101
311,57107
311,57109
311,57138
311,57148
311,57155
311,57157
311,57159
311,57164
311,57166
311,57171
311,57182
311,57184
311,57227
311,57229
311,57232
311,57233
311,57234
311,57250
311,57266
311,57276
311,57303
311,57305
311,57361
311,57364
311,57367
311,57396
311,57402
311,57405
311,57407
311,57417
311,57420
311,57424
311,57459
311,57465
311,57468
311,57472
311,57476
311,57485
311,57488
311,57494
311,57496
311,57498
311,57542
311,57544
311,57546
311,57582
311,57586
311,57590
311,57687
311,57699
311,57791
311,57794
311,57798
311,57807
311,57810
311,57813
311,57816
311,57845
311,57848
311,57851
311,57861
311,57864
311,57882
311,57884
311,57891
311,57909
311,57913
311,57954
311,57957
311,57967
311,58178
311,58352
311,58353
311,58390
311,58398
311,58410
311,58506
311,58565
311,58566
311,58567
311,58658
311,58659
311,58661
311,58694
311,58696
311,58699
311,58894
311,58895
311,58896
311,58898
311,58919
311,58922
311,58934
311,58972
311,58973
311,58974
311,58975
311,59051
311,59057
311,59058
311,59059
311,59061
311,59077
311,59078
311,59079
311,59099
311,59100
311,59104
311,59105
311,59106
311,59127
311,59128
311,59130
311,59134
311,59135
311,59136
311,59144
311,59145
311,59146
311,59150
311,59151
311,59152
311,59153
311,59154
311,59155
311,59171
311,59172
311,59173
311,59181
311,59198
311,59206
311,59207
311,59208
311,59227
311,59228
311,59229
311,59230
311,59233
311,59234
311,59303
311,59305
311,59309
311,59310
311,59314
311,59315
311,59316
311,59317
311,59318
311,59319
311,59320
311,59336
311,59337
311,59338
311,59339
311,59340
311,59343
311,59348
311,59353
311,59354
311,59358
311,59365
311,59366
311,59375
311,59376
311,59377
311,59384
311,59385
311,59388
311,59410
311,59415
311,59423
311,59427
311,59428
311,59501
311,59502
311,59503
311,59542
311,59547
311,59719
311,59721
311,59722
311,59723
311,59724
311,59725
311,59726
311,59795
311,59796
311,59797
311,59800
311,59804
311,59805
311,59808
311,59818
311,59819
311,59827
311,59828
311,59848
311,59849
311,59858
311,59862
311,59864
311,59893
311,59894
311,59895
311,59903
311,59904
311,59905
311,59909
311,59911
311,60211
311,60213
311,60214
311,60325
311,60326
311,60327
311,60328
311,60329
311,60331
311,60332
311,60333
311,60336
311,60337
311,60341
311,60348
311,60349
311,60350
311,60354
311,60356
311,60357
311,60359
311,60369
311,60370
311,60371
311,60373
311,60374
311,60384
311,60385
311,60386
311,60387
311,60388
311,60389
311,60390
311,60391
311,60394
311,60399
311,60403
311,60404
311,60405
311,60407
311,60411
311,60415
311,60416
311,60417
311,60419
311,60420
311,60421
311,60448
311,60449
311,60450
311,60454
311,60455
311,60456
311,60475
311,60485
311,60488
311,60525
311,60526
311,60527
311,60531
311,60546
311,60547
311,60548
311,60605
311,60615
311,60617
311,60619
311,60661
311,60675
311,60676
311,60677
311,60679
311,60823
311,60847
311,60851
311,60863
311,60885
311,60945
311,60946
311,60961
311,61041
311,61043
311,61058
311,61087
311,61088
311,61216
311,61218
311,61244
311,61245
311,61246
311,61326
311,61328
311,61392
311,61393
311,61394
311,61414
311,61416
311,61417
311,61590
311,61615
311,61789
311,61791
311,61792
311,61836
311,62076
311,62129
311,62130
311,62131
311,62160
311,62161
311,62208
311,62209
311,62382
311,62420
311,62421
311,62422
311,62429
311,62465
311,62466
311,62467
311,62633
311,62634
311,62636
311,62642
311,62643
311,62645
311,62654
311,62670
311,62692
311,62701
311,62703
311,62707
311,62708
311,62765
311,62766
311,62767
311,62775
311,62776
311,62810
311,62811
311,62812
311,62819
311,62820
311,62821
311,62828
311,62829
311,62830
311,62831
311,62832
311,62833
311,62848
311,62850
311,62858
311,62867
311,62871
311,62877
311,62926
311,62927
311,62928
311,62956
311,62968
311,62969
311,62970
311,62978
311,62982
311,62986
311,63000
311,63002
311,63022
311,63023
311,63024
311,63028
311,63032
311,63036
311,63041
311,63053
311,63057
311,63058
311,63105
311,63106
311,63110
311,63138
311,63139
311,63140
311,63165
311,63166
311,63204
311,63724
311,63725
311,63812
311,63921
311,63922
311,63958
311,63959
311,63964
311,63974
311,64007
311,64009
311,64114
311,64116
311,64121
311,64145
311,64390
311,64468
311,64494
311,64495
311,64507
311,64514
311,64515
311,64516
311,64524
311,64529
311,64621
311,64623
311,64693
311,64694
311,64695
311,64710
311,64748
311,64961
311,64962
311,64963
311,64993
311,65011
311,65039
311,65240
311,65312
311,65337
311,65368
311,65377
311,65378
311,65394
311,65407
311,65412
311,65510
311,65525
314,11994
314,1599
314,16015
314,16182
314,16203
314,1648
314,17078
314,18846
314,18947
314,21586
314,22859
314,31
314,8110
315,1103
315,1250
315,15881
315,15883
315,15886
315,16677
315,17893
315,18223
315,19005
315,20272
315,20636
315,20874
315,20875
315,20888
315,21353
315,21361
315,21385
315,21643
315,22602
315,24103
315,24447
315,24820
315,26211
315,26213
315,29583
315,3573
315,3941
315,400
315,5772
315,6301
315,7912
316,12236
316,1299
316,13670
316,13756
316,15048
316,15740
316,16077
316,16193
316,1633
316,1634
316,16406
316,16407
316,16408
316,17029
316,17925
316,18068
316,1808
316,18141
316,18142
316,19
316,19006
316,19390
316,19391
316,19392
316,2020
316,2036
316,20404
316,2085
316,2086
316,2088
316,21176
316,21182
316,21644
316,21691
316,22598
316,22729
316,22730
316,22972
316,23837
316,25197
316,25223
316,25775
316,27
316,31741
316,32107
316,3953
316,4597
316,5514
316,5515
316,5516
316,5804
316,5849
316,6690
316,6780
316,8400
316,8723
316,8733
316,939
399,64759
399,64786
399,64800
399,64863
399,64864
399,64877
399,64900
399,64913
399,64924
399,64955
399,64962
399,65026
399,65090
399,65097
399,65105
399,65122
399,65137
399,65166
399,65256
399,65312
399,65400
399,65414
399,65431
400,65375
400,65437
400,65519
42,10354
42,11666
42,14687
42,15533
42,18794
42,19910
42,20240
42,2046
42,2054
42,21080
42,23576
42,288
42,405
42,6569
42,6630
42,6774
42,6892
42,7318
42,7319
42,7550
42,9591
52,10902
52,11727
52,11728
52,12123
52,12125
52,12309
52,12954
52,13626
52,15687
52,16709
52,16710
52,170
52,17124
52,17213
52,17221
52,1820
52,1874
52,19064
52,19098
52,19107
52,19764
52,19772
52,20018
52,2010
52,21419
52,21486
52,216
52,22693
52,22705
52,24369
52,24623
52,269
52,3013
52,30528
52,3679
52,5615
52,5616
52,5692
52,607
52,7609
52,7611
52,7695
550,64922
550,64978
550,65026
550,65057
550,65088
550,65140
550,65176
550,65193
550,65285
550,65305
550,65309
56,13127
56,16272
6,55268
6,55568
6,55569
6,55570
6,55575
6,55577
6,55578
6,55612
6,55613
6,55634
6,55698
6,55699
6,55700
6,56004
6,56005
6,56007
6,56009
6,56010
6,56011
6,56053
6,56054
6,56055
6,56058
6,56064
6,56065
6,56068
6,56104
6,56161
6,56162
6,56191
6,56192
6,56438
6,56439
6,56455
6,56500
6,56514
6,56675
6,56681
6,57167
6,57171
6,57172
6,57203
6,57204
6,57207
6,57559
6,60217
6,60219
6,60222
6,60227
6,60390
6,60399
6,60407
6,60486
6,60585
6,60586
6,60587
6,60594
6,60620
6,60624
6,60625
6,60627
6,60629
6,60631
6,60639
6,60640
6,60670
6,60675
6,60677
6,60682
6,60748
6,60749
6,60762
6,60763
6,60764
6,60779
6,60784
6,60786
6,60790
6,60827
6,60829
6,60892
6,60893
6,60900
6,60905
6,60907
6,60928
6,61019
6,61072
6,61247
6,61248
6,61249
6,61259
6,61260
6,61309
6,61314
6,61318
6,61321
6,61323
6,61423
6,61425
6,61443
6,61612
6,61917
6,61920
6,61924
6,62018
6,62019
6,62034
6,62035
6,62036
6,62040
6,62042
6,62080
6,62084
6,62088
6,62107
6,62316
6,62321
6,62322
6,62456
6,62458
6,62460
6,62558
6,62559
6,62607
6,62608
6,62609
6,62611
6,62613
6,62616
6,62617
6,62639
6,62761
6,62765
6,62795
6,62802
6,62803
6,62812
6,62816
6,62819
6,62849
6,62850
6,62852
6,62897
6,62898
6,62899
6,62902
6,62906
6,62914
6,62951
6,62952
6,62953
6,62954
6,62966
6,62967
6,62970
6,62984
6,63015
6,63040
6,63041
6,63042
6,63052
6,63056
6,63067
6,63083
6,63092
6,63093
6,63106
6,63107
6,63108
6,63121
6,63142
6,63143
6,63149
6,63151
6,63160
6,63161
6,63162
6,63164
6,63180
6,63182
6,63183
6,63187
6,63189
6,63229
6,63230
6,63232
6,63233
6,63235
6,63248
6,63249
6,63250
6,63278
6,63293
6,63390
6,63797
6,63825
6,63832
6,63913
6,63955
6,63956
6,63957
6,63959
6,63961
6,63967
6,63986
6,63987
6,63988
6,63990
6,63991
6,64004
6,64010
6,64020
6,64021
6,64022
6,64027
6,64030
6,64032
6,64034
6,64035
6,64036
6,64081
6,64082
6,64083
6,64100
6,64116
6,64157
6,64221
6,64228
6,64229
6,64255
6,64257
6,64301
6,64303
6,64305
6,64308
6,64316
6,64386
6,64543
6,64576
6,64633
6,64634
6,64704
6,64708
6,64716
6,64772
6,64877
6,64878
6,64879
6,64930
6,64933
6,64934
6,64950
6,64951
6,65040
6,65232
6,65344
6,65408
6,65495
6,65511
6,65514
6,65518
6,65531
6,65532
6148,128052510
6148,128061706
6148,128061716
6148,128061726
6148,128063242
6148,128063252
6148,128063262
6148,128065802
6148,128065812
6148,128065822
6148,128075530
6148,128075540
6148,128075550
6148,128078612
6148,128078622
6148,128092426
6148,128092436
6148,128092446
6148,128124682
6148,128124692
6148,128124702
6148,128131338
6148,128131348
6148,128131358
6148,128162058
6148,128162068
6148,128162078
6148,128386314
6148,128386324
6148,128386334
6148,128531722
6148,128531732
6148,128572170
6148,128572180
6148,128583946
6148,128583956
6148,128583966
6148,128630026
6148,128630036
6148,128630046
6148,128708362
6148,128708372
6148,128708382
6148,129200394
6148,129200414
6148,129498378
6148,129498398
6148,129498890
6148,129498900
6148,129499402
6148,129499412
6148,129499422
6148,129673226
6148,129673236
6148,129673246
6148,129682954
6148,129682964
6148,129682974
6148,129733662
6148,129883146
6148,129883156
6148,129883166
6148,130406922
6148,130406932
6148,130406942
6148,130481674
6148,130481684
6148,130481694
6148,3064074
6148,3064084
6148,3064094
6148,3067914
6148,3067924
6148,3067934
6148,3176206
6148,3176216
6148,3176226
6150,128027914
6150,128027924
6150,128060682
6150,128060692
6150,128060702
6150,128060968
6150,128060978
6150,128060988
6150,128103178
6150,128103188
6150,128387850
6150,128387860
6150,128387870
6150,128388136
6150,128524042
6150,128524052
6150,128524062
6150,128689940
6150,128690216
6150,128690226
6150,128807690
6150,128807700
6150,129032970
6150,129032980
6150,129032990
6150,129092362
6150,129092372
6150,129092382
6150,130365450
6150,130365460
6150,130365470
6150,130538506
6150,130538516
6150,130538526
6150,130670090
6150,130670100
6150,131481610
6150,131481620
6150,131481630
6150,133133332
6150,133768212
6150,133868042
6150,2195214
6150,2195224
6150,2195234
6150,2202894
6150,2202904
6150,2202914
6150,2229518
6150,2229528
6150,2229538
6150,2242318
6150,2242328
6150,2242338
6150,2243338
6150,2243342
6150,2243352
6150,2243362
6150,2248974
6150,2248984
6150,2248994
6150,2257176
6150,2257186
6150,2268430
6150,2268686
6150,2268696
6150,2268706
6150,2281230
6150,2281240
6150,2281250
6150,2281486
6150,2281496
6150,2281506
6150,2392590
6150,2392600
6150,2405646
6150,2405656
6150,2405666
6150,2659342
6150,2659352
6150,2659362
6150,2799650
6150,2869774
6150,2869794
6150,2966030
6150,2966040
6150,2966050
6150,879378
6157,128025866
6157,128025876
6157,128025886
6157,128053002
6157,128053012
6157,128053022
6157,128054026
6157,128054036
6157,128054046
6157,128054056
6157,128054066
6157,128054076
6157,128054322
6157,128054332
6157,128064788
6157,128064798
6157,128125706
6157,128125716
6157,128135946
6157,128135956
6157,128135966
6157,128137994
6157,128138004
6157,128138014
6157,128152852
6157,128152862
6157,128219402
6157,128219412
6157,128219914
6157,128219924
6157,128219934
6157,128268554
6157,128444170
6157,128444190
6157,128457994
6157,128458004
6157,128458014
6157,128458506
6157,128458516
6157,128458526
6157,128459018
6157,128459028
6157,128459038
6157,128506122
6157,128506132
6157,128506142
6157,128592138
6157,128592148
6157,128592158
6157,128601866
6157,128601876
6157,128601886
6157,128627466
6157,128627476
6157,128627486
6157,128995082
6157,129477898
6157,129477908
6157,129477918
6157,129516298
6157,129516308
6157,129516318
6157,129575434
6157,129575444
6157,129575454
6157,129676298
6157,129676308
6157,129676318
6157,129690654
6157,129709066
6157,129709076
6157,129709086
6157,129781258
6157,129781268
6157,129809930
6157,129809940
6157,129809950
6157,129938462
6157,130096650
6157,130096660
6157,130096670
6157,130447370
6157,130447380
6157,130447390
6157,130539018
6157,130539028
6157,130539038
6157,130554890
6157,130554900
6157,130554910
6157,130559006
6157,131299850
6157,131299860
6157,131299870
6157,131386890
6157,131386900
6157,131386910
6157,131442708
6157,131442718
6157,131537428
6157,133260820
6157,1561362
6157,2189330
6157,2189340
6157,2189350
6157,2199822
6157,2199832
6157,2199838
6157,2199842
6157,2200590
6157,2200600
6157,2200610
6157,2201358
6157,2201368
6157,2201378
6157,2201610
6157,2201620
6157,2202382
6157,2202392
6157,2202402
6157,2203662
6157,2203672
6157,2203682
6157,2203918
6157,2203928
6157,2203938
6157,2205194
6157,2206478
6157,2206488
6157,2206498
6157,2212110
6157,2212120
6157,2212130
6157,2213130
6157,2215182
6157,2215192
6157,2215202
6157,2215694
6157,2215704
6157,2215714
6157,2216206
6157,2216216
6157,2216226
6157,2221084
6157,2221086
6157,2223118
6157,2223128
6157,2223138
6157,2225166
6157,2225176
6157,2225186
6157,2225948
6157,2226708
6157,2226726
6157,2239246
6157,2239256
6157,2239266
6157,2248462
6157,2248472
6157,2248482
6157,2249230
6157,2251278
6157,2251288
6157,2251298
6157,2252042
6157,2252056
6157,2252066
6157,2252302
6157,2252312
6157,2252322
6157,2262542
6157,2262552
6157,2262562
6157,2275854
6157,2275864
6157,2275874
6157,2284302
6157,2284312
6157,2284322
6157,2293262
6157,2293272
6157,2293282
6157,2296078
6157,2296088
6157,2296098
6157,2305294
6157,2305304
6157,2305314
6157,2317080
6157,2319122
6157,2319132
6157,2334734
6157,2334744
6157,2335502
6157,2335512
6157,2335522
6157,2402062
6157,2402072
6157,2402082
6157,2413326
6157,2413336
6157,2413346
6157,2433300
6157,2448398
6157,2448418
6157,2493454
6157,2493464
6157,2493474
6157,2575114
6157,2575134
6157,2575138
6157,2642702
6157,2761486
6157,2761496
6157,2761506
6157,2814218
6157,2814228
6157,2814238
6157,2946314
6157,2946324
6157,2946334
6157,2959630
6157,2959640
6157,2959650
6157,2973720
6157,2973730
6157,3031826
6157,3052554
6157,3052564
6157,3052574
6157,3057674
6157,3057684
6157,3057694
6157,3235598
6157,3263764
6157,956942
6157,956948
6157,956958
6162,1264146
6162,128048906
6162,128048916
6162,128050442
6162,128050452
6162,128050462
6162,128133386
6162,128133396
6162,128133406
6162,128134410
6162,128134420
6162,128134430
6162,128206090
6162,128206100
6162,128206110
6162,128222986
6162,128222996
6162,128223006
6162,128678154
6162,128678164
6162,128678174
6162,128786698
6162,128786708
6162,128786718
6162,129214730
6162,129214750
6162,129409300
6162,130995210
6162,130995220
6162,130995230
6187,128006410
6187,128016424
6187,128016434
6187,128016444
6187,128035092
6187,128035102
6187,128035368
6187,128040714
6187,128041738
6187,128041748
6187,128072458
6187,128072468
6187,128072478
6187,128072488
6187,128090378
6187,128093962
6187,128093972
6187,128093982
6187,128098058
6187,128098068
6187,128098078
6187,12810
6187,128114954
6187,128114964
6187,128114984
6187,128114994
6187,128115004
6187,128136970
6187,128136990
6187,128137010
6187,128139530
6187,128139540
6187,128139550
6187,12820
6187,12830
6187,128525598
6187,128555530
6187,128555540
6187,128705802
6187,128705812
6187,128705822
6187,128750346
6187,128750356
6187,128750366
6187,128824074
6187,129191178
6187,129191188
6187,129191198
6187,129923594
6187,129923604
6187,129923614
6187,130139146
6187,130139156
6187,130139166
6187,130233866
6187,130233876
6187,130233886
6187,130286090
6187,130537994
6187,130538014
6187,130559498
6187,130559508
6187,130559518
6187,130713098
6187,130713108
6187,131290634
6187,131290644
6187,131290654
6187,131420702
6187,131547658
6187,131547668
6187,131547678
6187,1332242
6187,134043146
6187,134043156
6187,1595658
6187,1595676
6187,1595678
6187,1631498
6187,1652746
6187,1652764
6187,1652766
6187,186378
6187,186402
6187,1934346
6187,1934350
6187,1934356
6187,1934360
6187,2004238
6187,2049556
6187,2049570
6187,2056970
6187,2056988
6187,2056994
6187,2135054
6187,2135064
6187,2135074
6187,2165272
6187,2165282
6187,2165518
6187,2165528
6187,2165538
6187,2193166
6187,2193176
6187,2193186
6187,2196494
6187,2199334
6187,2211086
6187,2211096
6187,2211106
6187,2215950
6187,2215960
6187,2215970
6187,2226190
6187,2226196
6187,2226214
6187,2238488
6187,2238498
6187,2248226
6187,2260494
6187,2260500
6187,2260504
6187,2260514
6187,2280974
6187,2280984
6187,2280994
6187,2296330
6187,2296340
6187,2296350
6187,2297098
6187,2297108
6187,2297118
6187,2305038
6187,2305048
6187,2305058
6187,2314274
6187,2315022
6187,2315032
6187,2315042
6187,2315052
6187,2318350
6187,2318360
6187,2318370
6187,2318882
6187,2321166
6187,2321176
6187,2321934
6187,2321944
6187,2321954
6187,2327310
6187,2327320
6187,2327330
6187,2516750
6187,2516760
6187,2516770
6187,2524942
6187,2524952
6187,2589714
6187,2589716
6187,2589726
6187,2610442
6187,2610452
6187,2610462
6187,271900
6187,271910
6187,2733838
6187,2733844
6187,2733854
6187,2764298
6187,2764318
6187,2780938
6187,2780958
6187,282638
6187,2835238
6187,2875924
6187,2972942
6187,2972952
6187,2972962
6187,2993674
6187,2993684
6187,3002642
6187,3157524
6187,3157790
6187,317460
6187,317470
6187,358940
6187,358942
6187,410142
6187,56594
6187,83474
6187,83480
6187,83490
6187,97290
6187,97304
6187,97318
6188,128041738
6188,128041748
6188,128041758
6188,128044298
6188,128044318
6188,128083732
6188,128090398
6188,128098078
6188,128114954
6188,128114974
6188,128114984
6188,128114994
6188,128501022
6188,128525578
6188,128525598
6188,128550154
6188,128550164
6188,128550174
6188,129595402
6188,129595412
6188,129595422
6188,129923604
6188,130537994
6188,130538004
6188,130558986
6188,130558996
6188,130559006
6188,130559498
6188,130559508
6188,130559518
6188,134043166
6188,1631508
6188,1631518
6188,186388
6188,186644
6188,1934366
6188,2049546
6188,2165528
6188,2165538
6188,2196504
6188,2196514
6188,2199306
6188,2199316
6188,2213390
6188,2213400
6188,2213410
6188,2238478
6188,2248206
6188,2248216
6188,2280970
6188,2314254
6188,2314264
6188,2318862
6188,2318872
6188,2321186
6188,2524962
6188,271882
6188,2764308
6188,2775566
6188,2775576
6188,2775586
6188,282644
6188,282654
6188,282658
6188,2835210
6188,2835220
6188,2875914
6188,2875934
6188,3017226
6188,3017236
6188,3017246
6188,3078162
6188,3078172
6188,3078182
6188,3078192
6188,317450
6188,3185674
6188,358922
6188,410122
6188,410142
6188,83476
6190,128108298
6190,128108318
6190,128115466
6190,128119582
6190,128632586
6190,128864532
6190,129276180
6190,129276190
6190,129732618
6190,129732628
6190,130072074
6190,130072084
6190,130073098
6190,130390538
6190,130390548
6190,130390558
6190,130390568
6190,130482186
6190,130482196
6190,130482206
6190,130482472
6190,130482482
6190,130482492
6190,130535946
6190,130535956
6190,130555914
6190,130556938
6190,130556948
6190,130556958
6190,130617886
6190,130619924
6190,130619934
6190,131299348
6190,131299358
6190,131442186
6190,131442196
6190,133572618
6190,134554900
6190,2178328
6190,2183182
6190,2183192
6190,2183202
6190,2186250
6190,2186260
6190,2186274
6190,2190616
6190,2190626
6190,2196750
6190,2196760
6190,2213642
6190,2213662
6190,2220814
6190,2220834
6190,2226978
6190,2248728
6190,2267150
6190,2268942
6190,2448152
6190,2448162
6190,2684440
6190,2684450
6190,2732558
6190,2732568
6190,2791444
6190,2821906
6190,2821916
6190,2821918
6190,2958360
6190,3015946
6190,3015956
6190,3015966
6191,128108308
6191,128115466
6191,128115476
6191,128115486
6191,128119562
6191,128119572
6191,128119582
6191,128141066
6191,128141076
6191,128141086
6191,128632586
6191,128632596
6191,128864808
6191,129276170
6191,129276190
6191,129732618
6191,129732638
6191,130072074
6191,130072094
6191,130073108
6191,130073118
6191,130482186
6191,130482196
6191,130482206
6191,130482472
6191,130482482
6191,130482492
6191,130535946
6191,130535956
6191,130535966
6191,130555914
6191,130555924
6191,130556938
6191,130556948
6191,130556958
6191,130617876
6191,130619914
6191,130619924
6191,130619934
6191,131299338
6191,131299348
6191,131299358
6191,131442186
6191,131442196
6191,131442206
6191,133572638
6191,134554890
6191,134554900
6191,134554910
6191,2178318
6191,2178338
6191,2190606
6191,2196770
6191,2203406
6191,2203416
6191,2203426
6191,2213652
6191,2226958
6191,2226968
6191,2248718
6191,2248738
6191,2267160
6191,2267170
6191,2268952
6191,2268962
6191,2448142
6191,2684430
6191,2732578
6191,2763786
6191,2763796
6191,2763806
6191,2791434
6191,2791454
6191,2958350
6191,2958370
6191,3004170
6191,3004180
6191,3004190
6191,3027210
6191,3027214
6191,3027224
6191,3027230
6191,3027234
6191,3063570
6191,3200782
6191,3200792
6191,3200802
6194,128125726
6194,128151316
6194,128151326
6194,128444170
6194,128444180
6194,128832276
6194,128876298
6194,128876308
6194,128876318
6194,129575434
6194,129575454
6194,129690634
6194,129690644
6194,131442698
6194,131442708
6194,131442718
6194,131537428
6194,133260810
6194,133260820
6194,133260830
6194,2201630
6194,2205204
6194,2205214
6194,2213902
6194,2213912
6194,2213922
6194,2221066
6194,2225930
6194,2225950
6194,2226698
6194,2243594
6194,2243604
6194,2243614
6194,2249240
6194,2249250
6194,2433290
6194,2433310
6194,2448408
6194,2717454
6194,2717464
6194,2717474
6194,2973710
6194,3008778
6194,3008788
6194,3008798
6194,3241738
6194,3241748
6194,3241758
63,63536
63,63543
65142,1800194
65148,1882114
65150,1087760
65153,1925382
65158,1984257
65163,1202440
65168,1246983
65183,2385967
65183,2385984
65184,1388547
65191,1432581
65194,1492997
65196,1525766
65198,1538055
65199,1552905
65216,2804015
7,28304
7,28305
7,28306
7,29116
7,35925
7,35926
7,41532
7,41533
7,44818
7,46697
7,56284
7,56285
7,56286
7,63091
7,63839
7,64002
7,64003
7,64276
707,10067
707,10158
707,10160
707,10234
707,10874
707,10991
707,11111
707,11113
707,11252
707,11486
707,11557
707,11601
707,11665
707,11667
707,126
707,128
707,12968
707,13146
707,13779
707,13888
707,13965
707,13967
707,14812
707,14907
707,14909
707,15379
707,17290
707,17444
707,17708
707,17787
707,18081
707,19598
707,19741
707,19762
707,19763
707,2029
707,20332
707,20583
707,20700
707,20706
707,20755
707,21130
707,21180
707,2175
707,23348
707,2397
707,2546
707,2607
707,3090
707,31152
707,31153
707,3412
707,3671
707,3672
707,3902
707,4439
707,4451
707,521
707,5483
707,6372
707,6373
707,6554
707,6631
707,6767
707,6768
707,7392
707,7534
707,8126
707,8388
707,8563
707,9054
707,9876
709,10353
709,10623
709,114
709,12864
709,12969
709,12985
709,1337
709,13837
709,1556
709,16392
709,21402
709,23357
709,23761
709,23764
709,23843
709,2465
709,2473
709,28761
709,31330
709,4766
709,4894
709,60941
709,7137
709,718
709,7571
709,7944
709,8359
709,8442
709,8444
709,855
709,9139
710,12551
710,12761
710,12780
710,12788
710,17836
710,21976
710,26813
712,106
712,1175
712,1248
712,1846
712,1854
712,19393
712,19407
712,22921
712,22937
712,23646
712,24537
712,24538
712,24974
712,28471
712,28472
712,28921
712,341
712,4002
712,4041
712,4086
712,4114
712,4646
712,6639
79,10500
79,1565
79,19296
8,55291
8,56001
8,56002
8,56003
8,56056
8,56404
8,56406
8,56705
8,56714
8,57103
8,57107
8,57108
8,57120
8,57121
8,57137
8,57562
8,57938
8,60390
8,61019
8,61073
8,61074
8,61075
8,61082
8,61083
8,62638
8,62876
8,63040
8,63051
8,63820
8,63824
8,63831
8,63832
8,63913
8,63967
8,63992
8,64081
8,64082
8,64083
8,64672
8200,998674
8201,128002314
8201,128002324
8201,128002329
8201,128002334
8201,128002339
8201,128002826
8201,128002846
8201,128003087
8201,128003107
8201,128003338
8201,128003348
8201,128003358
8201,128003850
8201,128003855
8201,128003860
8201,128003870
8201,128004111
8201,128004121
8201,128591114
8201,128649482
8201,128649492
8201,128649502
8201,128649753
8201,128649763
8201,128653578
8201,128653588
8201,128653593
8201,128653598
8201,128844554
8201,128844564
8201,128844574
8201,128854282
8201,128854287
8201,128854292
8201,128891146
8201,128891156
8201,128891166
8201,128891407
8201,128891417
8201,128994058
8201,128994068
8201,128994078
8201,128994319
8201,128994329
8201,128994339
8201,129071882
8201,129071892
8201,129071902
8201,129108234
8201,129108239
8201,129108244
8201,129108254
8201,129218314
8201,129218324
8201,129218334
8201,129218595
8201,129867786
8201,129867791
8201,129867796
8201,129867801
8201,129867806
8201,130435082
8201,130435092
8201,133683722
8201,133683732
8201,133683742
8201,133764106
8201,133764116
8201,133764126
8201,134140426
8201,134140436
8201,134140446
8201,134534410
8201,134534420
8201,134534424
8201,134534430
8201,134534435
8208,128120074
8208,128590612
8208,128590622
8208,128596234
8208,128596244
8208,128596746
8208,128596756
8208,128596766
8208,128651530
8208,128651550
8208,128744202
8208,128744222
8208,128923924
8208,128923934
8208,129262346
8208,129262366
8208,129273610
8208,129273620
8208,129273630
8208,129850890
8208,129850900
8208,129850910
8208,130627092
8208,130682890
8208,130682900
8208,130682910
8208,130971146
8208,130971156
8208,130971166
8208,131327508
8208,134902794
8208,134902804
8208,134902814
8208,1560082
8208,908562
8237,1031442
8237,128018698
8237,128018708
8237,128018718
8237,128560394
8237,128560404
8237,128560414
8237,128660746
8237,128660756
8237,128660766
8237,128712478
8237,128757012
8237,128757022
8237,128767754
8237,128767774
8237,128880414
8237,128887562
8237,128887572
8237,128932106
8237,128932116
8237,128932126
8237,128932618
8237,128932628
8237,128932638
8237,128941322
8237,128941332
8237,128941337
8237,128941342
8237,129000714
8237,129000724
8237,129000734
8237,129115402
8237,129115412
8237,130364938
8237,130364948
8237,130364958
8237,130665999
8237,130666009
8237,131074570
8237,131074580
8237,131115038
8237,131384330
8237,131384340
8237,131384350
8237,131445770
8237,131588116
8237,133238292
8237,133238302
8237,133436426
8237,133436436
8237,133436446
8237,133649418
8237,133649428
8237,133649438
8237,133870090
8237,133870110
8237,133995018
8237,133995028
8237,133995038
8237,134119434
8237,134119444
8237,134119454
8237,134383114
8237,134383124
8237,134383134
8237,135465994
8237,947218
8247,130762250
8247,130762260
8247,130762270
8247,1804818
8249,128878868
8249,128878878
8249,129037066
8249,129037086
8249,129049866
8249,129049876
8249,129049886
8249,129442058
8249,129442068
8249,129442078
8249,129701898
8249,129701908
8249,129701918
8249,129851934
8249,129872906
8249,129872916
8249,129872926
8249,130074122
8249,130074132
8249,130074142
8249,130083860
8249,130083870
8249,130124298
8249,130124308
8249,130124318
8249,130504714
8249,130504724
8249,130986506
8249,130986516
8249,130986526
8249,131046410
8249,131046430
8249,131187722
8249,131187732
8249,131187742
8249,131199498
8249,131199508
8249,131199518
8249,131472394
8249,131472404
8249,131472414
8249,133215242
8249,133215252
8249,133215262
8249,133507594
8249,133507604
8249,133507614
8249,133889034
8249,133889044
8249,133946890
8249,133946900
8249,133946910
8251,128509716
8251,128509726
8251,128538900
8251,128538910
8251,128558858
8251,128558868
8251,128558878
8251,128559370
8251,128559380
8251,128559390
8251,128559882
8251,128559902
8251,128593162
8251,128593172
8251,128593182
8251,128595722
8251,128595742
8251,128598292
8251,128598302
8251,128611594
8251,128611604
8251,128611614
8251,128642826
8251,128642836
8251,128642846
8251,128649994
8251,128650004
8251,128650014
8251,128825610
8251,128825620
8251,128826634
8251,128826644
8251,128836362
8251,128836367
8251,128836372
8251,128836377
8251,128836382
8251,128846602
8251,128846622
8251,128989962
8251,128989972
8251,128989982
8251,128996618
8251,128996628
8251,129755146
8251,129755156
8251,129755166
8251,130002954
8251,130002964
8251,130024970
8251,130024980
8251,130024990
8251,130248202
8251,130329630
8251,131167252
8251,131167262
8251,131244042
8251,131244052
8251,131244062
8251,131315732
8251,131474442
8251,133286922
8251,133286932
8251,1334802
8265,128020234
8265,128020244
8265,128020254
8265,128118026
8265,128118036
8265,128118046
8265,128588554
8265,128588564
8265,128588574
8265,128594698
8265,128594718
8265,128595210
8265,128595220
8265,128640266
8265,128831242
8265,128831252
8265,128853780
8265,128855306
8265,128855316
8265,128868106
8265,128868116
8265,128986378
8265,128986388
8265,128986398
8265,129032468
8265,129048330
8265,129048340
8265,129202954
8265,129202964
8265,129202974
8265,129223454
8265,129367818
8265,129367828
8265,129367838
8265,129414410
8265,129414420
8265,129414430
8265,129608714
8265,129713674
8265,129713684
8265,129713694
8265,129866772
8265,130155018
8265,130155028
8265,130307594
8265,130307614
8265,130455050
8265,130455070
8265,130509322
8265,130509332
8265,130790410
8265,130790420
8265,130790430
8265,130818058
8265,131336714
8265,131339786
8265,131339796
8265,131393044
8265,131496970
8265,131496990
8265,133306890
8265,133306910
8265,133375498
8265,133375508
8265,133375518
8265,133686282
8265,133686302
8265,134887434
8265,134887444
8265,1773842
8269,128594708
8269,129107722
8269,129177866
8269,129177876
8269,129177886
8269,129218826
8269,129218836
8269,129223946
8269,129223956
8269,129285396
8269,129285406
8269,129307402
8269,129307412
8269,129307422
8269,129310986
8269,129310996
8269,129311006
8269,129328414
8269,129361162
8269,129361172
8269,129361182
8269,129464586
8269,129464596
8269,129464606
8269,129494794
8269,129494804
8269,129494814
8269,129495306
8269,129705482
8269,129705492
8269,129791498
8269,129791508
8269,129791518
8269,129808394
8269,129808404
8269,130168330
8269,130168340
8269,130199050
8269,130199060
8269,130199070
8269,130226186
8269,130226196
8269,130226206
8269,130306570
8269,130306580
8269,130306590
8269,130385418
8269,130385428
8269,130385438
8269,130629642
8269,130629652
8269,130629662
8269,130770452
8269,131197470
8269,131602964
8269,133215262
8269,133381642
8269,133381652
8269,133381662
8269,133625866
8269,133625876
8269,133625886
8269,133646346
8269,133650442
8269,133650452
8269,133650462
8269,133758474
8269,133758484
8269,133758494
8269,133845002
8269,133845012
8269,133845022
8269,133949962
8269,133949972
8269,133949982
8269,134339850
8269,134339870
8288,128117002
8288,128117022
8288,128588042
8288,128588062
8288,128598794
8288,128598814
8288,129272074
8288,129272084
8288,129848330
8288,129848350
8288,129997834
8288,129997844
8288,129997854
8288,130742794
8288,130742804
8288,130896394
8288,130896404
8288,130896414
8288,133146122
8288,133146132
8288,133420564
8288,133790730
8288,133790740
8288,133790750
8288,133983242
8288,133983252
8288,133983262
8288,134672394
8288,134672404
8288,134672414
88,65254
881,61309
881,61311
881,61616
881,61618
881,61855
881,61907
881,61909
881,61929
881,61930
881,61955
881,61957
881,62034
881,62035
881,62036
881,62108
881,62110
881,62138
881,62139
881,62173
881,62178
881,62180
881,62195
881,62196
881,62197
881,62246
881,62247
881,62248
881,62330
881,62331
881,62366
881,62368
881,62419
881,62420
881,62421
881,62428
881,62429
881,62438
881,62579
881,62581
881,62684
881,62685
881,62686
881,62770
881,62771
881,62780
881,62930
881,62931
881,62932
881,62933
881,62941
881,63119
881,63120
881,63138
881,63180
881,63181
881,63235
881,63236
881,63237
881,63245
881,63246
881,63247
881,63269
881,63274
881,63275
881,63280
881,63283
881,63285
881,63391
881,63400
881,63401
881,63402
881,63406
881,63407
881,63408
881,63464
881,63465
881,63467
881,63469
881,63475
881,63496
881,63497
881,63498
881,63499
881,63506
881,63507
881,63508
881,63741
881,63742
881,63761
881,63768
881,63769
881,63770
881,63771
881,63772
881,63789
881,63802
881,63803
881,63806
881,63878
881,63916
881,63918
881,63931
881,63934
881,63935
881,63936
881,63985
881,63988
881,63989
881,64016
881,64018
881,64020
881,64028
881,64055
881,64069
881,64071
881,64073
881,64080
881,64082
881,64087
881,64117
881,64118
881,64131
881,64133
881,64135
881,64143
881,64145
881,64162
881,64163
881,64164
881,64165
881,64166
881,64188
881,64199
881,64204
881,64208
881,64214
881,64217
881,64218
881,64219
881,64224
881,64256
881,64257
881,64267
881,64275
881,64280
881,64291
881,64292
881,64293
881,64302
881,64310
881,64311
881,64312
881,64313
881,64314
881,64315
881,64317
881,64318
881,64359
881,64360
881,64367
881,64411
881,64412
881,64424
881,64426
881,64464
881,64466
881,64627
881,64628
881,64638
881,64670
881,64956
881,65412
881,65423
885,10669
885,10670
885,10911
885,11257
885,11912
885,15942
885,15948
885,16132
885,17696
885,17707
885,20109
885,20111
885,21863
885,23970
885,24510
885,26066
885,26093
885,26293
885,26759
885,27370
885,28184
885,31764
885,35286
885,35340
885,40022
885,58970
885,59183
885,61099
885,639
885,9235
885,9830
885,9911
890,61317
890,61918
890,62090
890,62091
890,62225
890,62226
890,62240
890,62241
890,62434
890,62470
890,62471
890,62475
890,62493
890,62715
890,62717
890,62718
890,62719
890,62775
890,62776
890,62802
890,62815
890,62819
890,62834
890,62849
890,62854
890,62855
890,62860
890,62876
890,62877
890,62878
890,62879
890,62880
890,62881
890,62984
890,62990
890,63051
890,63052
890,63053
890,63054
890,63115
890,63116
890,63143
890,63153
890,63154
890,63167
890,63168
890,63169
890,63195
890,63196
890,63197
890,63324
890,63325
890,63350
890,63354
890,63356
890,63357
890,63363
890,63365
890,63366
890,63398
890,63533
890,63534
890,63587
890,63588
890,63665
890,63670
890,63683
890,63891
890,63991
890,63996
890,64037
890,64038
890,64039
890,64059
890,64061
890,64142
890,64148
890,64154
890,64239
890,64240
890,64263
890,64264
890,64285
890,64309
890,64336
890,64339
890,64344
890,64345
890,64354
890,64355
890,64356
890,64385
890,64386
890,64387
890,64395
890,64435
890,64461
890,64557
890,64567
890,64568
890,64597
890,64605
890,64608
890,64620
890,64622
890,64624
890,64625
890,64698
890,64722
890,64766
890,64775
890,64776
890,64781
890,64793
890,64805
890,64807
890,64817
890,64818
890,64976
890,64979
890,64989
890,65009
890,65036
890,65037
890,65044
890,65080
890,65081
890,65098
890,65115
890,65117
890,65130
890,65134
890,65135
890,65143
890,65146
890,65149
890,65154
890,65252
890,65271
890,65276
890,65366
890,65497
890,65501
895,10050
895,10994
895,10995
895,11831
895,12141
895,1236
895,12983
895,13003
895,13006
895,13012
895,13014
895,15366
895,16921
895,17246
895,18024
895,18025
895,18663
895,18709
895,19669
895,20077
895,2146
895,21950
895,22679
895,22809
895,2335
895,23455
895,2347
895,2426
895,24424
895,25061
895,25066
895,25788
895,2589
895,26378
895,26379
895,26447
895,26448
895,268
895,27364
895,27365
895,27646
895,28121
895,2817
895,28268
895,314
895,3156
895,32947
895,3457
895,3712
895,3984
895,4244
895,4428
895,648
895,7578
895,7585
895,7586
895,896
895,9498
895,9577
895,9770
901,61449
901,61829
901,61990
901,61991
901,62069
901,62322
901,62325
901,62326
901,62608
901,62609
901,62610
901,62888
901,62890
901,63076
901,63077
901,63078
901,63082
901,63084
901,63203
901,63239
901,63241
901,63243
901,63248
901,63249
901,63250
901,63570
901,63571
901,63589
901,63590
901,63689
901,63720
901,63732
901,63734
901,63815
901,63816
901,63818
901,63831
901,63842
901,63845
901,63851
901,63894
901,63897
901,64101
901,64180
901,64194
901,64195
901,64244
901,64249
901,64364
901,64486
901,64497
901,64516
901,64518
901,64585
901,64586
901,64689
901,64693
901,64700
901,64702
901,64717
901,64731
901,64733
901,64736
901,64738
901,64741
901,64742
901,64743
901,64795
901,64843
901,64852
901,64860
901,64892
901,64896
901,64907
901,64909
901,64914
901,64971
901,65428
901,65431
901,65446
901,65449
903,10005
903,12173
903,12174
903,12175
903,14926
903,14935
903,1510
903,16336
903,16754
903,1684
903,16903
903,16943
903,17019
903,17439
903,17590
903,17636
903,18050
903,18114
903,20027
903,20131
903,21818
903,21819
903,22515
903,22516
903,24645
903,24693
903,25159
903,27254
903,27614
903,28276
903,28615
903,28650
903,290
903,318
903,35316
903,35321
903,36
903,4794
903,60632
903,6240
903,6260
903,6510
903,6520
903,6612
903,6633
903,7021
903,732
903,8934
903,991
903,992
910,61068
910,61071
910,61072
910,61075
910,61076
910,61077
910,61087
910,61095
910,61102
910,61105
910,61106
910,61107
910,61108
910,61116
910,61117
910,61124
910,61125
910,61126
910,61136
910,61137
910,61138
910,61145
910,61146
910,61334
910,61345
910,61467
910,61474
910,61482
910,61487
910,61488
910,61495
910,61496
910,61497
910,61507
910,61508
910,61510
910,61516
910,61518
910,61519
910,61521
910,61522
910,61525
910,61526
910,61527
910,61528
910,61543
910,61546
910,61548
910,61551
910,61554
910,61555
910,61556
910,61557
910,61558
910,61566
910,61568
910,61573
910,61574
910,61575
910,61577
910,61582
910,61584
910,61585
910,61586
910,61598
910,61599
910,61601
910,61604
910,61605
910,61606
910,61607
910,61933
910,61934
910,61935
910,61939
910,61944
910,64098
910,64253
911,47567
911,47569
911,57197
911,57198
911,60908
911,60909
911,61157
911,61158
911,61328
911,61329
911,61684
911,61707
911,61708
911,61709
911,61713
911,61721
911,61722
911,61723
911,61724
911,61725
911,61727
911,61728
911,61736
911,61740
911,61744
911,61867
911,61883
911,62044
911,62046
911,62047
911,62062
911,62064
911,62065
911,62066
911,62067
911,62068
911,62080
911,62081
911,62083
911,62085
911,62086
911,62087
911,62183
911,62188
911,62243
911,62244
911,62245
911,64759
911,64760
911,64811
911,64812
911,64874
911,64877
911,64926
911,65102
911,65103
911,65109
911,65110
911,65204
911,65205
911,65206
911,65218
911,65226
911,65229
911,65230
911,65276
911,65282
911,65284
911,65288
911,65290
911,65293
911,65294
911,65295
911,65331
911,65339
911,65341
911,65357
911,65361
911,65368
911,65380
911,65389
911,65410
911,65411
911,65412
911,65438
911,65449
911,65450
911,65458
911,65459
911,65460
911,65467
911,65470
911,65493
911,65499
911,65503
911,65507
911,65508
911,65510
911,65512
911,65516
911,65527
911,65529
911,65530
911,65531
911,65532
917,1134
917,15993
917,16050
917,16129
917,16152
917,16310
917,16920
917,18260
917,1910
917,2197
917,24770
917,24771
917,25860
917,25870
917,2590
917,26229
917,26531
917,26945
917,27606
917,2785
917,28503
917,28532
917,641
917,6739
917,7594
917,8645
917,949
927,10491
927,10492
927,11309
927,11561
927,11835
927,12339
927,13612
927,1368
927,13811
927,1497
927,16006
927,16433
927,16965
927,1699
927,1703
927,17629
927,1838
927,23351
927,25137
927,25948
927,25958
927,2622
927,2636
927,26722
927,26723
927,26867
927,28025
927,3156
927,33375
927,34323
927,3450
927,3454
927,3507
927,35524
927,44
927,4604
927,5081
927,5127
927,5311
927,5944
927,8233
927,8234
943,60927
943,61197
943,61258
943,61259
943,61260
943,61674
943,61675
943,61771
943,61776
943,61777
943,61787
943,61788
943,61789
943,62111
943,62112
943,62113
943,62189
943,62272
943,62276
943,62277
943,62278
943,62315
943,62323
943,62324
943,62375
943,62376
943,62377
943,62533
943,62537
943,62538
943,62542
943,62565
943,62566
943,62575
943,62576
943,62652
943,62653
943,62664
943,62678
943,62693
943,62702
943,62703
943,62725
943,62730
943,62752
943,62756
943,62829
943,62831
943,62910
943,62913
943,62915
943,62987
943,62989
943,63023
943,63024
943,63037
943,63039
943,63605
943,63735
943,63736
943,63737
943,63738
943,63739
943,63765
943,63904
943,63905
943,63922
943,63923
943,63924
943,63999
943,64111
943,64623
943,64624
943,64635
943,64683
943,64684
943,64687
943,64701
943,64716
943,64718
943,64722
943,64730
943,65033
943,65034
943,65127
943,65129
943,65134
943,65135
943,65139
943,65140
943,65213
943,65224
943,65225
943,65232
943,65233
943,65234
943,65240
943,65241
943,65242
943,65246
943,65250
943,65277
943,65279
943,65281
943,65291
943,65292
943,65294
943,65305
943,65306
943,65312
943,65313
943,65315
943,65317
943,65319
943,65320
943,65321
943,65322
943,65325
943,65328
943,65330
943,65334
943,65335
943,65336
943,65341
943,65345
943,65347
943,65350
943,65356
943,65357
943,65361
943,65363
943,65364
943,65375
943,65386
943,65389
943,65390
943,65391
943,65410
943,65412
943,65414
943,65417
943,65418
943,65428
943,65429
943,65431
943,65432
943,65437
943,65447
943,65451
943,65454
943,65464
943,65479
943,65480
943,65486
943,65494
943,65495
943,65497
943,65500
943,65501
943,65502
943,65504
943,65508
943,65509
943,65511
943,65513
943,65518
943,65528
943,65531
943,65534
963,14018
963,14021
963,3002
964,61062
964,61063
964,61064
964,61859
964,61861
964,61999
964,62003
964,62004
964,62205
964,62207
964,62217
964,62218
964,62271
964,62498
964,62534
964,62535
964,62536
964,62669
964,62672
964,62673
964,62674
964,62697
964,62698
964,62737
964,62738
964,62865
964,62869
964,62925
964,62926
964,62948
964,62949
964,62951
964,62998
964,62999
964,63001
964,63427
964,63428
964,63429
964,63451
964,63453
964,63501
964,63502
964,63543
964,63545
964,63626
964,63628
964,63631
964,63633
964,63640
964,63641
964,63825
964,63826
964,63839
964,63846
964,63854
964,64181
964,64182
964,64183
964,64186
964,64432
964,64599
964,64601
964,64680
964,64692
964,64699
964,64703
964,64708
964,64802
964,64828
964,64869
964,64884
964,64973
964,64975
964,64994
964,64995
964,64996
964,65031
964,65054
964,65093
964,65094
964,65105
964,65124
964,65129
964,65140
964,65141
964,65164
964,65177
964,65190
964,65194
964,65196
964,65202
964,65213
964,65215
964,65216
964,65219
964,65223
964,65224
964,65225
964,65230
964,65236
964,65237
964,65239
964,65241
964,65250
964,65258
964,65259
964,65262
964,65268
964,65270
964,65274
964,65278
964,65279
964,65281
964,65294
964,65296
964,65297
964,65298
964,65307
964,65308
964,65315
964,65318
964,65320
964,65323
964,65328
964,65329
964,65331
964,65332
964,65337
964,65338
964,65341
964,65344
964,65347
964,65361
964,65362
964,65368
964,65369
964,65370
964,65393
964,65476
964,65479
964,65507
964,65510
964,65516
965,60905
965,60906
965,60907
965,60948
965,60949
965,60950
965,60954
965,60955
965,60956
965,60963
965,60964
965,60965
965,60967
965,60968
965,60975
965,60976
965,60977
965,60978
965,60979
965,60980
965,60984
965,60985
965,60986
965,60989
965,61014
965,61015
965,61016
965,61024
965,61249
965,61254
965,61369
965,61373
965,61378
965,61379
965,61765
965,61766
965,61785
965,61807
965,61823
965,61824
965,61852
965,61854
965,61873
965,61887
965,61894
965,61895
965,61905
965,61906
965,61968
965,61969
965,61978
965,61987
965,61989
965,62170
965,62171
965,62252
965,62253
965,62255
965,62256
965,62257
965,62263
965,62264
965,62265
965,62266
965,62303
965,62304
965,62305
965,62351
965,62352
965,62354
965,62355
965,62405
965,62411
965,62412
965,62512
965,62555
965,62556
965,62733
965,62734
965,62735
965,62789
965,62807
965,62808
965,62934
965,62935
965,62939
965,62955
965,62957
965,62968
965,62972
965,62973
965,62978
965,62979
965,62980
965,63070
965,63072
965,63094
965,63095
965,63096
965,63134
965,63135
965,63136
965,63137
965,63212
965,63213
965,63221
965,63290
965,63291
965,63293
965,63294
965,63295
965,63313
965,63315
965,63327
965,63328
965,63521
965,63529
965,63531
965,63536
965,63538
965,63553
965,63558
965,63574
965,63575
965,63576
965,63592
965,63593
965,63594
965,63650
965,63653
965,63692
965,63717
965,63718
965,63719
965,63729
965,63858
965,63875
965,63884
965,63885
965,63953
965,63968
965,63973
965,63979
965,64008
965,64047
965,64074
965,64075
965,64076
965,64083
965,64085
965,64129
965,64130
965,64319
965,64321
965,64325
965,64445
965,64446
965,64450
965,64588
965,64590
965,64591
965,64617
965,64645
965,64650
965,64672
965,64674
965,64904
965,64905
965,64906
965,64923
965,65167
965,65168
965,65281
965,65282
965,65286
965,65405
965,65408
966,56131
966,56132
966,61757
966,61758
966,61759
966,62065
966,62066
966,62090
966,64306
966,64310
966,64327
966,64328
